([0, 0, 0, 0, 0, 0, 0, 0], 0.0, '<style>')
([0, 0, 0, 0, 0, 0, 0, 0], 0.0, 'Rock')
([0, 0, 0, 0, 0, 0, 0, 0], 0.0, 'Tonality')
([0, 0, 0, 0, 0, 0, 0, 0], 0.0, 'F major')
([0, 0, 0, 0, 0, 0, 0, 0], 0.0, '<start>')
([0, 0, 0, 0, 0, 0, 0, 0], 0.0, '|')
([0, 0, 0, 0, 0, 0, 0, 0], 2.0, '.')
([0, 0, 0, 0, 0, 0, 0, 0], 2.0, '2.0')
([53, 0, 0, 0, 0, 0, 0, 0], 2.0, 'F')
([53, 60, 65, 69, 0, 0, 0, 0], 2.0, 'maj')
([0, 0, 0, 0, 0, 0, 0, 0], 2.0, '.')
([0, 0, 0, 0, 0, 0, 0, 0], 2.0, '2.0')
([53, 0, 0, 0, 0, 0, 0, 0], 2.0, 'F')
([53, 60, 69, 72, 0, 0, 0, 0], 2.0, 'maj')
([0, 0, 0, 0, 0, 0, 0, 0], 2.0, '.')
([0, 0, 0, 0, 0, 0, 0, 0], 2.0, '2.0')
([46, 0, 0, 0, 0, 0, 0, 0], 2.0, 'Bb')
([46, 58, 62, 65, 0, 0, 0, 0], 2.0, 'maj')
([0, 0, 0, 0, 0, 0, 0, 0], 2.0, '|')
([0, 0, 0, 0, 0, 0, 0, 0], 2.0, '.')
([0, 0, 0, 0, 0, 0, 0, 0], 2.0, '2.0')
([53, 0, 0, 0, 0, 0, 0, 0], 2.0, 'F')
([53, 60, 69, 72, 0, 0, 0, 0], 2.0, 'maj')
([0, 0, 0, 0, 0, 0, 0, 0], 2.0, '.')
([0, 0, 0, 0, 0, 0, 0, 0], 2.0, '2.0')
([53, 0, 0, 0, 0, 0, 0, 0], 2.0, 'F')
([53, 65, 69, 72, 0, 0, 0, 0], 2.0, 'maj')
([0, 0, 0, 0, 0, 0, 0, 0], 2.0, 'Form_A')
([0, 0, 0, 0, 0, 0, 0, 0], 2.0, '|:')
([0, 0, 0, 0, 0, 0, 0, 0], 4.0, '.')
([0, 0, 0, 0, 0, 0, 0, 0], 4.0, '4.0')
([53, 0, 0, 0, 0, 0, 0, 0], 4.0, 'F')
([53, 65, 69, 72, 0, 0, 0, 0], 4.0, 'maj')
([0, 0, 0, 0, 0, 0, 0, 0], 4.0, '|')
([0, 0, 0, 0, 0, 0, 0, 0], 4.0, '.')
([0, 0, 0, 0, 0, 0, 0, 0], 4.0, '4.0')
([53, 0, 0, 0, 0, 0, 0, 0], 4.0, 'F')
([53, 60, 69, 72, 0, 0, 0, 0], 4.0, 'maj')
([0, 0, 0, 0, 0, 0, 0, 0], 4.0, '|')
([0, 0, 0, 0, 0, 0, 0, 0], 4.0, '.')
([0, 0, 0, 0, 0, 0, 0, 0], 4.0, '4.0')
([51, 0, 0, 0, 0, 0, 0, 0], 4.0, 'Eb')
([51, 58, 63, 67, 0, 0, 0, 0], 4.0, 'maj')
([0, 0, 0, 0, 0, 0, 0, 0], 4.0, '|')
([0, 0, 0, 0, 0, 0, 0, 0], 4.0, '.')
([0, 0, 0, 0, 0, 0, 0, 0], 4.0, '4.0')
([51, 0, 0, 0, 0, 0, 0, 0], 4.0, 'Eb')
([51, 63, 67, 70, 0, 0, 0, 0], 4.0, 'maj')
([0, 0, 0, 0, 0, 0, 0, 0], 4.0, '|')
([0, 0, 0, 0, 0, 0, 0, 0], 4.0, '.')
([0, 0, 0, 0, 0, 0, 0, 0], 4.0, '4.0')
([46, 0, 0, 0, 0, 0, 0, 0], 4.0, 'Bb')
([46, 53, 62, 65, 0, 0, 0, 0], 4.0, 'maj')
([0, 0, 0, 0, 0, 0, 0, 0], 4.0, '|')
([0, 0, 0, 0, 0, 0, 0, 0], 2.0, '.')
([0, 0, 0, 0, 0, 0, 0, 0], 2.0, '2.0')
([46, 0, 0, 0, 0, 0, 0, 0], 2.0, 'Bb')
([46, 53, 58, 62, 0, 0, 0, 0], 2.0, 'maj')
([0, 0, 0, 0, 0, 0, 0, 0], 2.0, '.')
([0, 0, 0, 0, 0, 0, 0, 0], 2.0, '2.0')
([44, 0, 0, 0, 0, 0, 0, 0], 2.0, 'G#')
([44, 51, 60, 63, 0, 0, 0, 0], 2.0, 'maj')
([0, 0, 0, 0, 0, 0, 0, 27], 2.0, '/')
([48, 56, 51, 60, 63, 0, 0, 0], 2.0, 'C')
([0, 0, 0, 0, 0, 0, 0, 0], 2.0, '|')
([0, 0, 0, 0, 0, 0, 0, 0], 4.0, '.')
([0, 0, 0, 0, 0, 0, 0, 0], 4.0, '4.0')
([44, 0, 0, 0, 0, 0, 0, 0], 4.0, 'G#')
([44, 54, 58, 59, 0, 0, 0, 0], 4.0, 'm7')
([0, 0, 0, 0, 0, 0, 0, 0], 4.0, '|')
([0, 0, 0, 0, 0, 0, 0, 0], 1.0, '.')
([0, 0, 0, 0, 0, 0, 0, 0], 1.0, '1.0')
([46, 0, 0, 0, 0, 0, 0, 0], 1.0, 'Bb')
([46, 53, 62, 65, 0, 0, 0, 0], 1.0, 'maj')
([0, 0, 0, 0, 0, 0, 0, 27], 1.0, '/')
([50, 58, 53, 62, 65, 0, 0, 0], 1.0, 'D')
([0, 0, 0, 0, 0, 0, 0, 0], 1.0, '.')
([0, 0, 0, 0, 0, 0, 0, 0], 1.0, '1.0')
([45, 0, 0, 0, 0, 0, 0, 0], 1.0, 'A')
([45, 52, 55, 60, 0, 0, 0, 0], 1.0, 'm7')
([0, 0, 0, 0, 0, 0, 0, 0], 2.0, '.')
([0, 0, 0, 0, 0, 0, 0, 0], 2.0, '2.0')
([43, 0, 0, 0, 0, 0, 0, 0], 2.0, 'G')
([43, 53, 57, 58, 0, 0, 0, 0], 2.0, 'm7')
([0, 0, 0, 0, 0, 0, 0, 0], 2.0, '|')
([0, 0, 0, 0, 0, 0, 0, 0], 2.0, '.')
([0, 0, 0, 0, 0, 0, 0, 0], 2.0, '2.0')
([46, 0, 0, 0, 0, 0, 0, 0], 2.0, 'Bb')
([46, 53, 62, 65, 0, 0, 0, 0], 2.0, 'maj')
([0, 0, 0, 0, 0, 0, 0, 0], 2.0, '.')
([0, 0, 0, 0, 0, 0, 0, 0], 2.0, '2.0')
([53, 0, 0, 0, 0, 0, 0, 0], 2.0, 'F')
([53, 65, 69, 72, 0, 0, 0, 0], 2.0, 'maj')
([0, 0, 0, 0, 0, 0, 0, 27], 2.0, '/')
([48, 53, 65, 69, 72, 0, 0, 0], 2.0, 'C')
([0, 0, 0, 0, 0, 0, 0, 0], 2.0, '|')
([0, 0, 0, 0, 0, 0, 0, 0], 4.0, '.')
([0, 0, 0, 0, 0, 0, 0, 0], 4.0, '4.0')
([53, 0, 0, 0, 0, 0, 0, 0], 4.0, 'F')
([53, 60, 65, 69, 0, 0, 0, 0], 4.0, 'maj')
([0, 0, 0, 0, 0, 0, 0, 0], 4.0, ':|')
([0, 0, 0, 0, 0, 0, 0, 0], 4.0, 'Form_B')
([0, 0, 0, 0, 0, 0, 0, 0], 4.0, '|')
([0, 0, 0, 0, 0, 0, 0, 0], 2.0, '.')
([0, 0, 0, 0, 0, 0, 0, 0], 2.0, '2.0')
([43, 0, 0, 0, 0, 0, 0, 0], 2.0, 'G')
([43, 50, 53, 58, 0, 0, 0, 0], 2.0, 'm7')
([0, 0, 0, 0, 0, 0, 0, 0], 2.0, '.')
([0, 0, 0, 0, 0, 0, 0, 0], 2.0, '2.0')
([48, 0, 0, 0, 0, 0, 0, 0], 2.0, 'C')
([48, 58, 62, 64, 0, 0, 0, 0], 2.0, 'dom7')
([0, 0, 0, 0, 0, 0, 0, 0], 2.0, '|')
([0, 0, 0, 0, 0, 0, 0, 0], 2.0, '.')
([0, 0, 0, 0, 0, 0, 0, 0], 2.0, '2.0')
([53, 0, 0, 0, 0, 0, 0, 0], 2.0, 'F')
([53, 60, 69, 72, 0, 0, 0, 0], 2.0, 'maj')
([0, 0, 0, 0, 0, 0, 0, 0], 2.0, '.')
([0, 0, 0, 0, 0, 0, 0, 0], 2.0, '2.0')
([46, 0, 0, 0, 0, 0, 0, 0], 2.0, 'Bb')
([46, 58, 62, 65, 0, 0, 0, 0], 2.0, 'maj')
([0, 0, 0, 0, 0, 0, 0, 0], 2.0, '|')
([0, 0, 0, 0, 0, 0, 0, 0], 2.0, '.')
([0, 0, 0, 0, 0, 0, 0, 0], 2.0, '2.0')
([50, 0, 0, 0, 0, 0, 0, 0], 2.0, 'D')
([50, 57, 62, 65, 0, 0, 0, 0], 2.0, 'm')
([0, 0, 0, 0, 0, 0, 0, 0], 2.0, '.')
([0, 0, 0, 0, 0, 0, 0, 0], 2.0, '2.0')
([43, 0, 0, 0, 0, 0, 0, 0], 2.0, 'G')
([43, 53, 57, 58, 0, 0, 0, 0], 2.0, 'm7')
([0, 0, 0, 0, 0, 0, 0, 0], 2.0, '|')
([0, 0, 0, 0, 0, 0, 0, 0], 2.0, '.')
([0, 0, 0, 0, 0, 0, 0, 0], 2.0, '2.0')
([43, 0, 0, 0, 0, 0, 0, 0], 2.0, 'G')
([43, 50, 53, 58, 0, 0, 0, 0], 2.0, 'm7')
([0, 0, 0, 0, 0, 0, 0, 0], 2.0, '.')
([0, 0, 0, 0, 0, 0, 0, 0], 2.0, '2.0')
([48, 0, 0, 0, 0, 0, 0, 0], 2.0, 'C')
([48, 58, 62, 64, 0, 0, 0, 0], 2.0, 'dom7')
([0, 0, 0, 0, 0, 0, 0, 0], 2.0, '|')
([0, 0, 0, 0, 0, 0, 0, 0], 4.0, '.')
([0, 0, 0, 0, 0, 0, 0, 0], 4.0, '4.0')
([53, 0, 0, 0, 0, 0, 0, 0], 4.0, 'F')
([53, 60, 69, 72, 0, 0, 0, 0], 4.0, 'maj')
([0, 0, 0, 0, 0, 0, 0, 0], 4.0, 'Form_C')
([0, 0, 0, 0, 0, 0, 0, 0], 4.0, '|')
([0, 0, 0, 0, 0, 0, 0, 0], 2.0, '.')
([0, 0, 0, 0, 0, 0, 0, 0], 2.0, '2.0')
([48, 0, 0, 0, 0, 0, 0, 0], 2.0, 'C')
([48, 55, 64, 67, 0, 0, 0, 0], 2.0, 'maj')
([0, 0, 0, 0, 0, 0, 0, 0], 2.0, '.')
([0, 0, 0, 0, 0, 0, 0, 0], 2.0, '2.0')
([53, 0, 0, 0, 0, 0, 0, 0], 2.0, 'F')
([53, 65, 69, 72, 0, 0, 0, 0], 2.0, 'maj')
([0, 0, 0, 0, 0, 0, 0, 27], 2.0, '/')
([48, 65, 65, 69, 72, 0, 0, 0], 2.0, 'C')
([0, 0, 0, 0, 0, 0, 0, 0], 2.0, '|')
([0, 0, 0, 0, 0, 0, 0, 0], 4.0, '.')
([0, 0, 0, 0, 0, 0, 0, 0], 4.0, '4.0')
([46, 0, 0, 0, 0, 0, 0, 0], 4.0, 'Bb')
([46, 53, 58, 62, 0, 0, 0, 0], 4.0, 'maj')
([0, 0, 0, 0, 0, 0, 0, 0], 4.0, '|')
([0, 0, 0, 0, 0, 0, 0, 0], 2.0, '.')
([0, 0, 0, 0, 0, 0, 0, 0], 2.0, '2.0')
([48, 0, 0, 0, 0, 0, 0, 0], 2.0, 'C')
([48, 60, 64, 67, 0, 0, 0, 0], 2.0, 'maj')
([0, 0, 0, 0, 0, 0, 0, 0], 2.0, '.')
([0, 0, 0, 0, 0, 0, 0, 0], 2.0, '2.0')
([53, 0, 0, 0, 0, 0, 0, 0], 2.0, 'F')
([53, 60, 65, 69, 0, 0, 0, 0], 2.0, 'maj')
([0, 0, 0, 0, 0, 0, 0, 27], 2.0, '/')
([48, 65, 60, 65, 69, 0, 0, 0], 2.0, 'C')
([0, 0, 0, 0, 0, 0, 0, 0], 2.0, '|')
([0, 0, 0, 0, 0, 0, 0, 0], 4.0, '.')
([0, 0, 0, 0, 0, 0, 0, 0], 4.0, '4.0')
([46, 0, 0, 0, 0, 0, 0, 0], 4.0, 'Bb')
([46, 53, 62, 65, 0, 0, 0, 0], 4.0, 'maj')
([0, 0, 0, 0, 0, 0, 0, 0], 4.0, '|')
([0, 0, 0, 0, 0, 0, 0, 0], 2.0, '.')
([0, 0, 0, 0, 0, 0, 0, 0], 2.0, '2.0')
([48, 0, 0, 0, 0, 0, 0, 0], 2.0, 'C')
([48, 55, 60, 64, 0, 0, 0, 0], 2.0, 'maj')
([0, 0, 0, 0, 0, 0, 0, 0], 2.0, '.')
([0, 0, 0, 0, 0, 0, 0, 0], 2.0, '2.0')
([53, 0, 0, 0, 0, 0, 0, 0], 2.0, 'F')
([53, 60, 69, 72, 0, 0, 0, 0], 2.0, 'maj')
([0, 0, 0, 0, 0, 0, 0, 27], 2.0, '/')
([48, 65, 60, 69, 72, 0, 0, 0], 2.0, 'C')
([0, 0, 0, 0, 0, 0, 0, 0], 2.0, '|')
([0, 0, 0, 0, 0, 0, 0, 0], 2.0, '.')
([0, 0, 0, 0, 0, 0, 0, 0], 2.0, '2.0')
([46, 0, 0, 0, 0, 0, 0, 0], 2.0, 'Bb')
([46, 58, 62, 65, 0, 0, 0, 0], 2.0, 'maj')
([0, 0, 0, 0, 0, 0, 0, 0], 1.0, '.')
([0, 0, 0, 0, 0, 0, 0, 0], 1.0, '1.0')
([53, 0, 0, 0, 0, 0, 0, 0], 1.0, 'F')
([53, 60, 65, 69, 0, 0, 0, 0], 1.0, 'maj')
([0, 0, 0, 0, 0, 0, 0, 0], 1.0, '.')
([0, 0, 0, 0, 0, 0, 0, 0], 1.0, '1.0')
([50, 0, 0, 0, 0, 0, 0, 0], 1.0, 'D')
([50, 57, 62, 65, 0, 0, 0, 0], 1.0, 'm')
([0, 0, 0, 0, 0, 0, 0, 0], 1.0, '|')
([0, 0, 0, 0, 0, 0, 0, 0], 2.0, '.')
([0, 0, 0, 0, 0, 0, 0, 0], 2.0, '2.0')
([53, 0, 0, 0, 0, 0, 0, 0], 2.0, 'F')
([53, 60, 65, 69, 0, 0, 0, 0], 2.0, 'maj')
([0, 0, 0, 0, 0, 0, 0, 0], 2.0, '.')
([0, 0, 0, 0, 0, 0, 0, 0], 2.0, '2.0')
([46, 0, 0, 0, 0, 0, 0, 0], 2.0, 'Bb')
([46, 53, 62, 65, 0, 0, 0, 0], 2.0, 'maj')
([0, 0, 0, 0, 0, 0, 0, 0], 2.0, '|')
([0, 0, 0, 0, 0, 0, 0, 0], 2.0, '.')
([0, 0, 0, 0, 0, 0, 0, 0], 2.0, '2.0')
([53, 0, 0, 0, 0, 0, 0, 0], 2.0, 'F')
([53, 60, 65, 69, 0, 0, 0, 0], 2.0, 'maj')
([0, 0, 0, 0, 0, 0, 0, 0], 2.0, '.')
([0, 0, 0, 0, 0, 0, 0, 0], 2.0, '2.0')
([53, 0, 0, 0, 0, 0, 0, 0], 2.0, 'F')
([53, 60, 69, 72, 0, 0, 0, 0], 2.0, 'maj')
