([0, 0, 0, 0, 0, 0, 0, 0], 0.0, '<style>')
([0, 0, 0, 0, 0, 0, 0, 0], 0.0, 'Jazz')
([0, 0, 0, 0, 0, 0, 0, 0], 0.0, 'Tonality')
([0, 0, 0, 0, 0, 0, 0, 0], 0.0, 'F major')
([0, 0, 0, 0, 0, 0, 0, 0], 0.0, '<start>')
([0, 0, 0, 0, 0, 0, 0, 0], 0.0, '|')
([0, 0, 0, 0, 0, 0, 0, 0], 2.0, '.')
([0, 0, 0, 0, 0, 0, 0, 0], 2.0, '2.0')
([53, 0, 0, 0, 0, 0, 0, 0], 2.0, 'F')
([53, 60, 65, 69, 0, 0, 0, 0], 2.0, 'maj')
([0, 0, 0, 0, 0, 0, 0, 0], 2.0, '.')
([0, 0, 0, 0, 0, 0, 0, 0], 2.0, '2.0')
([53, 0, 0, 0, 0, 0, 0, 0], 2.0, 'F')
([53, 60, 69, 72, 0, 0, 0, 0], 2.0, 'maj')
([0, 0, 0, 0, 0, 0, 0, 0], 2.0, '.')
([0, 0, 0, 0, 0, 0, 0, 0], 2.0, '2.0')
([46, 0, 0, 0, 0, 0, 0, 0], 2.0, 'Bb')
([46, 58, 62, 65, 0, 0, 0, 0], 2.0, 'maj')
([0, 0, 0, 0, 0, 0, 0, 27], 2.0, '/')
([50, 58, 58, 62, 65, 0, 0, 0], 2.0, 'D')
([0, 0, 0, 0, 0, 0, 0, 0], 2.0, '|')
([0, 0, 0, 0, 0, 0, 0, 0], 2.0, '.')
([0, 0, 0, 0, 0, 0, 0, 0], 2.0, '2.0')
([53, 0, 0, 0, 0, 0, 0, 0], 2.0, 'F')
([53, 60, 65, 69, 0, 0, 0, 0], 2.0, 'maj')
([0, 0, 0, 0, 0, 0, 0, 0], 2.0, '.')
([0, 0, 0, 0, 0, 0, 0, 0], 2.0, '2.0')
([46, 0, 0, 0, 0, 0, 0, 0], 2.0, 'Bb')
([46, 53, 62, 65, 0, 0, 0, 0], 2.0, 'maj')
([0, 0, 0, 0, 0, 0, 0, 27], 2.0, '/')
([50, 58, 53, 62, 65, 0, 0, 0], 2.0, 'D')
([0, 0, 0, 0, 0, 0, 0, 0], 2.0, '|')
([0, 0, 0, 0, 0, 0, 0, 0], 2.0, '.')
([0, 0, 0, 0, 0, 0, 0, 0], 2.0, '2.0')
([53, 0, 0, 0, 0, 0, 0, 0], 2.0, 'F')
([53, 65, 57, 72, 0, 0, 0, 0], 2.0, 'maj')
([0, 0, 0, 0, 0, 0, 0, 0], 2.0, '.')
([0, 0, 0, 0, 0, 0, 0, 0], 2.0, '2.0')
([53, 0, 0, 0, 0, 0, 0, 0], 2.0, 'F')
([53, 60, 65, 69, 0, 0, 0, 0], 2.0, 'maj')
([0, 0, 0, 0, 0, 0, 0, 27], 2.0, '/')
([52, 65, 60, 65, 69, 0, 0, 0], 2.0, 'E')
([0, 0, 0, 0, 0, 0, 0, 0], 2.0, '|')
([0, 0, 0, 0, 0, 0, 0, 0], 2.0, '.')
([0, 0, 0, 0, 0, 0, 0, 0], 2.0, '2.0')
([53, 0, 0, 0, 0, 0, 0, 0], 2.0, 'F')
([53, 60, 69, 72, 0, 0, 0, 0], 2.0, 'maj')
([0, 0, 0, 0, 0, 0, 0, 0], 2.0, '.')
([0, 0, 0, 0, 0, 0, 0, 0], 2.0, '2.0')
([53, 0, 0, 0, 0, 0, 0, 0], 2.0, 'F')
([53, 65, 69, 72, 0, 0, 0, 0], 2.0, 'maj')
([0, 0, 0, 0, 0, 0, 0, 27], 2.0, '/')
([52, 65, 65, 69, 72, 0, 0, 0], 2.0, 'E')
([0, 0, 0, 0, 0, 0, 0, 0], 2.0, '|')
([0, 0, 0, 0, 0, 0, 0, 0], 2.0, '.')
([0, 0, 0, 0, 0, 0, 0, 0], 2.0, '2.0')
([53, 0, 0, 0, 0, 0, 0, 0], 2.0, 'F')
([53, 60, 65, 69, 0, 0, 0, 0], 2.0, 'maj')
([0, 0, 0, 0, 0, 0, 0, 0], 2.0, '.')
([0, 0, 0, 0, 0, 0, 0, 0], 2.0, '2.0')
([53, 0, 0, 0, 0, 0, 0, 0], 2.0, 'F')
([53, 60, 69, 72, 0, 0, 0, 0], 2.0, 'maj')
([0, 0, 0, 0, 0, 0, 0, 27], 2.0, '/')
([52, 65, 60, 69, 72, 0, 0, 0], 2.0, 'E')
([0, 0, 0, 0, 0, 0, 0, 0], 2.0, '|')
([0, 0, 0, 0, 0, 0, 0, 0], 2.0, '.')
([0, 0, 0, 0, 0, 0, 0, 0], 2.0, '2.0')
([53, 0, 0, 0, 0, 0, 0, 0], 2.0, 'F')
([53, 65, 69, 72, 0, 0, 0, 0], 2.0, 'maj')
([0, 0, 0, 0, 0, 0, 0, 0], 2.0, '.')
([0, 0, 0, 0, 0, 0, 0, 0], 2.0, '2.0')
([53, 0, 0, 0, 0, 0, 0, 0], 2.0, 'F')
([53, 60, 65, 69, 0, 0, 0, 0], 2.0, 'maj')
([0, 0, 0, 0, 0, 0, 0, 27], 2.0, '/')
([52, 65, 60, 65, 69, 0, 0, 0], 2.0, 'E')
([0, 0, 0, 0, 0, 0, 0, 0], 2.0, '|')
([0, 0, 0, 0, 0, 0, 0, 0], 2.0, '.')
([0, 0, 0, 0, 0, 0, 0, 0], 2.0, '2.0')
([53, 0, 0, 0, 0, 0, 0, 0], 2.0, 'F')
([53, 60, 69, 72, 0, 0, 0, 0], 2.0, 'maj')
([0, 0, 0, 0, 0, 0, 0, 0], 2.0, '.')
([0, 0, 0, 0, 0, 0, 0, 0], 2.0, '2.0')
([53, 0, 0, 0, 0, 0, 0, 0], 2.0, 'F')
([53, 65, 69, 72, 0, 0, 0, 0], 2.0, 'maj')
([0, 0, 0, 0, 0, 0, 0, 27], 2.0, '/')
([52, 65, 65, 69, 72, 0, 0, 0], 2.0, 'E')
([0, 0, 0, 0, 0, 0, 0, 0], 2.0, '|')
([0, 0, 0, 0, 0, 0, 0, 0], 2.0, '.')
([0, 0, 0, 0, 0, 0, 0, 0], 2.0, '2.0')
([53, 0, 0, 0, 0, 0, 0, 0], 2.0, 'F')
([53, 60, 65, 69, 0, 0, 0, 0], 2.0, 'maj')
([0, 0, 0, 0, 0, 0, 0, 0], 2.0, '.')
([0, 0, 0, 0, 0, 0, 0, 0], 2.0, '2.0')
([53, 0, 0, 0, 0, 0, 0, 0], 2.0, 'F')
([53, 60, 69, 72, 0, 0, 0, 0], 2.0, 'maj')
([0, 0, 0, 0, 0, 0, 0, 27], 2.0, '/')
([52, 65, 60, 69, 72, 0, 0, 0], 2.0, 'E')
([0, 0, 0, 0, 0, 0, 0, 0], 2.0, '|')
([0, 0, 0, 0, 0, 0, 0, 0], 2.0, '.')
([0, 0, 0, 0, 0, 0, 0, 0], 2.0, '2.0')
([53, 0, 0, 0, 0, 0, 0, 0], 2.0, 'F')
([53, 65, 69, 72, 0, 0, 0, 0], 2.0, 'maj')
([0, 0, 0, 0, 0, 0, 0, 0], 2.0, '.')
([0, 0, 0, 0, 0, 0, 0, 0], 2.0, '2.0')
([53, 0, 0, 0, 0, 0, 0, 0], 2.0, 'F')
([53, 60, 65, 69, 0, 0, 0, 0], 2.0, 'maj')
([0, 0, 0, 0, 0, 0, 0, 27], 2.0, '/')
([52, 65, 60, 65, 69, 0, 0, 0], 2.0, 'E')
([0, 0, 0, 0, 0, 0, 0, 0], 2.0, '|')
([0, 0, 0, 0, 0, 0, 0, 0], 2.0, '.')
([0, 0, 0, 0, 0, 0, 0, 0], 2.0, '2.0')
([53, 0, 0, 0, 0, 0, 0, 0], 2.0, 'F')
([53, 60, 69, 72, 0, 0, 0, 0], 2.0, 'maj')
([0, 0, 0, 0, 0, 0, 0, 0], 2.0, '.')
([0, 0, 0, 0, 0, 0, 0, 0], 2.0, '2.0')
([46, 0, 0, 0, 0, 0, 0, 0], 2.0, 'Bb')
([46, 58, 62, 65, 0, 0, 0, 0], 2.0, 'maj')
([0, 0, 0, 0, 0, 0, 0, 27], 2.0, '/')
([50, 58, 58, 62, 65, 0, 0, 0], 2.0, 'D')
([0, 0, 0, 0, 0, 0, 0, 0], 2.0, '|')
([0, 0, 0, 0, 0, 0, 0, 0], 2.0, '.')
([0, 0, 0, 0, 0, 0, 0, 0], 2.0, '2.0')
([53, 0, 0, 0, 0, 0, 0, 0], 2.0, 'F')
([53, 60, 65, 69, 0, 0, 0, 0], 2.0, 'maj')
([0, 0, 0, 0, 0, 0, 0, 0], 2.0, '.')
([0, 0, 0, 0, 0, 0, 0, 0], 2.0, '2.0')
([53, 0, 0, 0, 0, 0, 0, 0], 2.0, 'F')
([53, 60, 69, 72, 0, 0, 0, 0], 2.0, 'maj')
([0, 0, 0, 0, 0, 0, 0, 27], 2.0, '/')
([52, 65, 60, 69, 72, 0, 0, 0], 2.0, 'E')
([0, 0, 0, 0, 0, 0, 0, 0], 2.0, '|')
([0, 0, 0, 0, 0, 0, 0, 0], 2.0, '.')
([0, 0, 0, 0, 0, 0, 0, 0], 2.0, '2.0')
([53, 0, 0, 0, 0, 0, 0, 0], 2.0, 'F')
([53, 65, 69, 72, 0, 0, 0, 0], 2.0, 'maj')
([0, 0, 0, 0, 0, 0, 0, 0], 2.0, '.')
([0, 0, 0, 0, 0, 0, 0, 0], 2.0, '2.0')
([53, 0, 0, 0, 0, 0, 0, 0], 2.0, 'F')
([53, 60, 65, 69, 0, 0, 0, 0], 2.0, 'maj')
([0, 0, 0, 0, 0, 0, 0, 27], 2.0, '/')
([52, 65, 60, 65, 69, 0, 0, 0], 2.0, 'E')
([0, 0, 0, 0, 0, 0, 0, 0], 2.0, '|')
([0, 0, 0, 0, 0, 0, 0, 0], 2.0, '.')
([0, 0, 0, 0, 0, 0, 0, 0], 2.0, '2.0')
([53, 0, 0, 0, 0, 0, 0, 0], 2.0, 'F')
([53, 60, 69, 72, 0, 0, 0, 0], 2.0, 'maj')
([0, 0, 0, 0, 0, 0, 0, 0], 2.0, '.')
([0, 0, 0, 0, 0, 0, 0, 0], 2.0, '2.0')
([53, 0, 0, 0, 0, 0, 0, 0], 2.0, 'F')
([53, 65, 69, 72, 0, 0, 0, 0], 2.0, 'maj')
([0, 0, 0, 0, 0, 0, 0, 27], 2.0, '/')
([52, 65, 65, 69, 72, 0, 0, 0], 2.0, 'E')
([0, 0, 0, 0, 0, 0, 0, 0], 2.0, '|')
([0, 0, 0, 0, 0, 0, 0, 0], 2.0, '.')
([0, 0, 0, 0, 0, 0, 0, 0], 2.0, '2.0')
([53, 0, 0, 0, 0, 0, 0, 0], 2.0, 'F')
([53, 60, 65, 69, 0, 0, 0, 0], 2.0, 'maj')
([0, 0, 0, 0, 0, 0, 0, 0], 2.0, '.')
([0, 0, 0, 0, 0, 0, 0, 0], 2.0, '2.0')
([53, 0, 0, 0, 0, 0, 0, 0], 2.0, 'F')
([53, 60, 69, 72, 0, 0, 0, 0], 2.0, 'maj')
([0, 0, 0, 0, 0, 0, 0, 27], 2.0, '/')
([52, 65, 60, 69, 72, 0, 0, 0], 2.0, 'E')
([0, 0, 0, 0, 0, 0, 0, 0], 2.0, '|')
([0, 0, 0, 0, 0, 0, 0, 0], 2.0, '.')
([0, 0, 0, 0, 0, 0, 0, 0], 2.0, '2.0')
([53, 0, 0, 0, 0, 0, 0, 0], 2.0, 'F')
([53, 65, 69, 72, 0, 0, 0, 0], 2.0, 'maj')
([0, 0, 0, 0, 0, 0, 0, 0], 2.0, '.')
([0, 0, 0, 0, 0, 0, 0, 0], 2.0, '2.0')
([53, 0, 0, 0, 0, 0, 0, 0], 2.0, 'F')
([53, 60, 65, 69, 0, 0, 0, 0], 2.0, 'maj')
([0, 0, 0, 0, 0, 0, 0, 27], 2.0, '/')
([52, 65, 60, 65, 69, 0, 0, 0], 2.0, 'E')
([0, 0, 0, 0, 0, 0, 0, 0], 2.0, '|')
([0, 0, 0, 0, 0, 0, 0, 0], 2.0, '.')
([0, 0, 0, 0, 0, 0, 0, 0], 2.0, '2.0')
([53, 0, 0, 0, 0, 0, 0, 0], 2.0, 'F')
([53, 60, 69, 72, 0, 0, 0, 0], 2.0, 'maj')
([0, 0, 0, 0, 0, 0, 0, 0], 2.0, '.')
([0, 0, 0, 0, 0, 0, 0, 0], 2.0, '2.0')
([53, 0, 0, 0, 0, 0, 0, 0], 2.0, 'F')
([53, 65, 69, 72, 0, 0, 0, 0], 2.0, 'maj')
([0, 0, 0, 0, 0, 0, 0, 27], 2.0, '/')
([52, 65, 65, 69, 72, 0, 0, 0], 2.0, 'E')
([0, 0, 0, 0, 0, 0, 0, 0], 2.0, '|')
([0, 0, 0, 0, 0, 0, 0, 0], 2.0, '.')
([0, 0, 0, 0, 0, 0, 0, 0], 2.0, '2.0')
([53, 0, 0, 0, 0, 0, 0, 0], 2.0, 'F')
([53, 60, 65, 69, 0, 0, 0, 0], 2.0, 'maj')
([0, 0, 0, 0, 0, 0, 0, 0], 2.0, '.')
([0, 0, 0, 0, 0, 0, 0, 0], 2.0, '2.0')
([53, 0, 0, 0, 0, 0, 0, 0], 2.0, 'F')
([53, 60, 69, 72, 0, 0, 0, 0], 2.0, 'maj')
([0, 0, 0, 0, 0, 0, 0, 27], 2.0, '/')
([52, 65, 60, 69, 72, 0, 0, 0], 2.0, 'E')
([0, 0, 0, 0, 0, 0, 0, 0], 2.0, '|')
([0, 0, 0, 0, 0, 0, 0, 0], 2.0, '.')
([0, 0, 0, 0, 0, 0, 0, 0], 2.0, '2.0')
([53, 0, 0, 0, 0, 0, 0, 0], 2.0, 'F')
([53, 65, 69, 72, 0, 0, 0, 0], 2.0, 'maj')
([0, 0, 0, 0, 0, 0, 0, 0], 2.0, '.')
([0, 0, 0, 0, 0, 0, 0, 0], 2.0, '2.0')
([53, 0, 0, 0, 0, 0, 0, 0], 2.0, 'F')
([53, 60, 65, 69, 0, 0, 0, 0], 2.0, 'maj')
([0, 0, 0, 0, 0, 0, 0, 27], 2.0, '/')
([52, 65, 60, 65, 69, 0, 0, 0], 2.0, 'E')
([0, 0, 0, 0, 0, 0, 0, 0], 2.0, '|')
([0, 0, 0, 0, 0, 0, 0, 0], 2.0, '.')
([0, 0, 0, 0, 0, 0, 0, 0], 2.0, '2.0')
([53, 0, 0, 0, 0, 0, 0, 0], 2.0, 'F')
([53, 60, 69, 72, 0, 0, 0, 0], 2.0, 'maj')
([0, 0, 0, 0, 0, 0, 0, 0], 2.0, '.')
([0, 0, 0, 0, 0, 0, 0, 0], 2.0, '2.0')
([53, 0, 0, 0, 0, 0, 0, 0], 2.0, 'F')
([53, 65, 69, 72, 0, 0, 0, 0], 2.0, 'maj')
([0, 0, 0, 0, 0, 0, 0, 27], 2.0, '/')
([52, 65, 65, 69, 72, 0, 0, 0], 2.0, 'E')
