([0, 0, 0, 0, 0, 0, 0, 0], 0.0, '<style>')
([0, 0, 0, 0, 0, 0, 0, 0], 0.0, 'Jazz')
([0, 0, 0, 0, 0, 0, 0, 0], 0.0, 'Tonality')
([0, 0, 0, 0, 0, 0, 0, 0], 0.0, 'F major')
([0, 0, 0, 0, 0, 0, 0, 0], 0.0, '<start>')
([0, 0, 0, 0, 0, 0, 0, 0], 0.0, '|')
([0, 0, 0, 0, 0, 0, 0, 0], 2.0, '.')
([0, 0, 0, 0, 0, 0, 0, 0], 2.0, '2.0')
([53, 0, 0, 0, 0, 0, 0, 0], 2.0, 'F')
([53, 64, 67, 69, 72, 0, 0, 0], 2.0, 'maj7')
([0, 0, 0, 0, 0, 0, 0, 0], 2.0, '.')
([0, 0, 0, 0, 0, 0, 0, 0], 2.0, '2.0')
([46, 0, 0, 0, 0, 0, 0, 0], 2.0, 'Bb')
([46, 56, 62, 65, 0, 0, 0, 0], 2.0, 'dom7')
([46, 56, 62, 65, 60, 0, 0, 0], 2.0, 'add 9')
([0, 0, 0, 0, 0, 0, 0, 0], 2.0, '.')
([0, 0, 0, 0, 0, 0, 0, 0], 2.0, '2.0')
([52, 0, 0, 0, 0, 0, 0, 0], 2.0, 'E')
([52, 62, 67, 71, 0, 0, 0, 0], 2.0, 'm7')
([52, 62, 67, 71, 66, 0, 0, 0], 2.0, 'add 9')
([0, 0, 0, 0, 0, 0, 0, 0], 2.0, '|')
([0, 0, 0, 0, 0, 0, 0, 0], 2.0, '.')
([0, 0, 0, 0, 0, 0, 0, 0], 2.0, '2.0')
([50, 0, 0, 0, 0, 0, 0, 0], 2.0, 'D')
([50, 60, 65, 69, 0, 0, 0, 0], 2.0, 'm7')
([50, 60, 65, 69, 64, 0, 0, 0], 2.0, 'add 9')
([0, 0, 0, 0, 0, 0, 0, 0], 2.0, '.')
([0, 0, 0, 0, 0, 0, 0, 0], 2.0, '2.0')
([50, 0, 0, 0, 0, 0, 0, 0], 2.0, 'D')
([50, 62, 66, 69, 0, 0, 0, 0], 2.0, 'maj')
([0, 0, 0, 0, 0, 0, 0, 27], 2.0, '/')
([54, 62, 62, 66, 69, 0, 0, 0], 2.0, 'F#')
([0, 0, 0, 0, 0, 0, 0, 0], 2.0, '|')
([0, 0, 0, 0, 0, 0, 0, 0], 1.0, '.')
([0, 0, 0, 0, 0, 0, 0, 0], 1.0, '1.0')
([47, 0, 0, 0, 0, 0, 0, 0], 1.0, 'B')
([47, 57, 62, 66, 0, 0, 0, 0], 1.0, 'm7')
([0, 0, 0, 0, 0, 0, 0, 0], 1.0, '.')
([0, 0, 0, 0, 0, 0, 0, 0], 1.0, '1.0')
([48, 0, 0, 0, 0, 0, 0, 0], 1.0, 'C')
([48, 55, 64, 67, 0, 0, 0, 0], 1.0, 'maj')
([0, 0, 0, 0, 0, 0, 0, 27], 1.0, '/')
([46, 60, 55, 64, 67, 0, 0, 0], 1.0, 'Bb')
([0, 0, 0, 0, 0, 0, 0, 0], 1.0, '.')
([0, 0, 0, 0, 0, 0, 0, 0], 1.0, '1.0')
([50, 0, 0, 0, 0, 0, 0, 0], 1.0, 'D')
([50, 57, 66, 69, 0, 0, 0, 0], 1.0, 'maj')
([0, 0, 0, 0, 0, 0, 0, 27], 1.0, '/')
([45, 62, 57, 66, 69, 0, 0, 0], 1.0, 'A')
([0, 0, 0, 0, 0, 0, 0, 0], 1.0, '.')
([0, 0, 0, 0, 0, 0, 0, 0], 1.0, '1.0')
([52, 0, 0, 0, 0, 0, 0, 0], 1.0, 'E')
([52, 59, 68, 71, 0, 0, 0, 0], 1.0, 'maj')
([0, 0, 0, 0, 0, 0, 0, 27], 1.0, '/')
([44, 64, 59, 68, 71, 0, 0, 0], 1.0, 'G#')
([0, 0, 0, 0, 0, 0, 0, 0], 1.0, '|')
([0, 0, 0, 0, 0, 0, 0, 0], 2.0, '.')
([0, 0, 0, 0, 0, 0, 0, 0], 2.0, '2.0')
([46, 0, 0, 0, 0, 0, 0, 0], 2.0, 'Bb')
([46, 58, 62, 65, 0, 0, 0, 0], 2.0, 'maj')
([0, 0, 0, 0, 0, 0, 0, 27], 2.0, '/')
([43, 58, 58, 62, 65, 0, 0, 0], 2.0, 'G')
([0, 0, 0, 0, 0, 0, 0, 0], 2.0, '.')
([0, 0, 0, 0, 0, 0, 0, 0], 2.0, '2.0')
([51, 0, 0, 0, 0, 0, 0, 0], 2.0, 'Eb')
([51, 63, 67, 70, 0, 0, 0, 0], 2.0, 'maj')
([0, 0, 0, 0, 0, 0, 0, 27], 2.0, '/')
([43, 63, 63, 67, 70, 0, 0, 0], 2.0, 'G')
([0, 0, 0, 0, 0, 0, 0, 0], 2.0, '|')
([0, 0, 0, 0, 0, 0, 0, 0], 2.0, '.')
([0, 0, 0, 0, 0, 0, 0, 0], 2.0, '2.0')
([54, 0, 0, 0, 0, 0, 0, 0], 2.0, 'F#')
([54, 64, 69, 73, 0, 0, 0, 0], 2.0, 'm7')
([54, 64, 69, 73, 68, 0, 0, 0], 2.0, 'add 9')
([0, 0, 0, 0, 0, 0, 0, 0], 2.0, '.')
([0, 0, 0, 0, 0, 0, 0, 0], 2.0, '2.0')
([53, 0, 0, 0, 0, 0, 0, 0], 2.0, 'F')
([53, 65, 69, 72, 0, 0, 0, 0], 2.0, 'maj')
([0, 0, 0, 0, 0, 0, 0, 27], 2.0, '/')
([45, 65, 65, 69, 72, 0, 0, 0], 2.0, 'A')
([0, 0, 0, 0, 0, 0, 0, 0], 2.0, 'Form_A')
([0, 0, 0, 0, 0, 0, 0, 0], 2.0, '|')
([0, 0, 0, 0, 0, 0, 0, 0], 2.0, '.')
([0, 0, 0, 0, 0, 0, 0, 0], 2.0, '2.0')
([53, 0, 0, 0, 0, 0, 0, 0], 2.0, 'F')
([53, 64, 69, 72, 0, 0, 0, 0], 2.0, 'maj7')
([0, 0, 0, 0, 0, 0, 0, 0], 2.0, '.')
([0, 0, 0, 0, 0, 0, 0, 0], 2.0, '2.0')
([46, 0, 0, 0, 0, 0, 0, 0], 2.0, 'Bb')
([46, 56, 60, 62, 0, 0, 0, 0], 2.0, 'dom7')
([46, 56, 60, 62, 0, 0, 0, 0], 2.0, 'add 9')
([0, 0, 0, 0, 0, 0, 0, 0], 2.0, '|')
([0, 0, 0, 0, 0, 0, 0, 0], 2.0, '.')
([0, 0, 0, 0, 0, 0, 0, 0], 2.0, '2.0')
([47, 0, 0, 0, 0, 0, 0, 0], 2.0, 'B')
([47, 58, 61, 63, 0, 0, 0, 0], 2.0, 'maj7')
([0, 0, 0, 0, 0, 0, 0, 0], 2.0, '.')
([0, 0, 0, 0, 0, 0, 0, 0], 2.0, '2.0')
([53, 0, 0, 0, 0, 0, 0, 0], 2.0, 'F')
([53, 60, 65, 69, 0, 0, 0, 0], 2.0, 'maj')
([0, 0, 0, 0, 0, 0, 0, 27], 2.0, '/')
([45, 65, 60, 65, 69, 0, 0, 0], 2.0, 'A')
([0, 0, 0, 0, 0, 0, 0, 0], 2.0, '|')
([0, 0, 0, 0, 0, 0, 0, 0], 2.0, '.')
([0, 0, 0, 0, 0, 0, 0, 0], 2.0, '2.0')
([53, 0, 0, 0, 0, 0, 0, 0], 2.0, 'F')
([53, 64, 69, 72, 0, 0, 0, 0], 2.0, 'maj7')
([0, 0, 0, 0, 0, 0, 0, 0], 2.0, '.')
([0, 0, 0, 0, 0, 0, 0, 0], 2.0, '2.0')
([46, 0, 0, 0, 0, 0, 0, 0], 2.0, 'Bb')
([46, 56, 60, 62, 0, 0, 0, 0], 2.0, 'dom7')
([46, 56, 60, 62, 0, 0, 0, 0], 2.0, 'add 9')
([0, 0, 0, 0, 0, 0, 0, 0], 2.0, '|')
([0, 0, 0, 0, 0, 0, 0, 0], 1.0, '.')
([0, 0, 0, 0, 0, 0, 0, 0], 1.0, '1.0')
([47, 0, 0, 0, 0, 0, 0, 0], 1.0, 'B')
([47, 58, 61, 63, 0, 0, 0, 0], 1.0, 'maj7')
([0, 0, 0, 0, 0, 0, 0, 0], 1.0, '.')
([0, 0, 0, 0, 0, 0, 0, 0], 1.0, '1.0')
([54, 0, 0, 0, 0, 0, 0, 0], 1.0, 'F#')
([54, 64, 69, 73, 0, 0, 0, 0], 1.0, 'm7')
([54, 64, 69, 73, 68, 0, 0, 0], 1.0, 'add 9')
([0, 0, 0, 0, 0, 0, 0, 0], 1.0, '.')
([0, 0, 0, 0, 0, 0, 0, 0], 1.0, '1.0')
([53, 0, 0, 0, 0, 0, 0, 0], 1.0, 'F')
([53, 63, 67, 69, 0, 0, 0, 0], 1.0, 'dom7')
([53, 63, 67, 69, 0, 0, 0, 0], 1.0, 'add 9')
([0, 0, 0, 0, 0, 0, 0, 0], 1.0, '|')
([0, 0, 0, 0, 0, 0, 0, 0], 2.0, '.')
([0, 0, 0, 0, 0, 0, 0, 0], 2.0, '2.0')
([46, 0, 0, 0, 0, 0, 0, 0], 2.0, 'Bb')
([46, 57, 60, 62, 0, 0, 0, 0], 2.0, 'maj7')
([0, 0, 0, 0, 0, 0, 0, 0], 2.0, '.')
([0, 0, 0, 0, 0, 0, 0, 0], 2.0, '2.0')
([50, 0, 0, 0, 0, 0, 0, 0], 2.0, 'D')
([50, 57, 62, 66, 0, 0, 0, 0], 2.0, 'maj')
([0, 0, 0, 0, 0, 0, 0, 27], 2.0, '/')
([54, 62, 57, 62, 66, 0, 0, 0], 2.0, 'F#')
([0, 0, 0, 0, 0, 0, 0, 0], 2.0, '|')
([0, 0, 0, 0, 0, 0, 0, 0], 1.0, '.')
([0, 0, 0, 0, 0, 0, 0, 0], 1.0, '1.0')
([43, 0, 0, 0, 0, 0, 0, 0], 1.0, 'G')
([43, 50, 55, 58, 0, 0, 0, 0], 1.0, 'm')
([0, 0, 0, 0, 0, 0, 0, 0], 1.0, '.')
([0, 0, 0, 0, 0, 0, 0, 0], 1.0, '1.0')
([43, 0, 0, 0, 0, 0, 0, 0], 1.0, 'G')
([43, 50, 55, 58, 62, 0, 0, 0], 1.0, 'm')
([0, 0, 0, 0, 0, 0, 0, 27], 1.0, '/')
([46, 55, 50, 55, 58, 62, 0, 0], 1.0, 'Bb')
([0, 0, 0, 0, 0, 0, 0, 0], 2.0, '.')
([0, 0, 0, 0, 0, 0, 0, 0], 2.0, '2.0')
([48, 0, 0, 0, 0, 0, 0, 0], 2.0, 'C')
([48, 60, 64, 67, 0, 0, 0, 0], 2.0, 'maj')
([0, 0, 0, 0, 0, 0, 0, 27], 2.0, '/')
([45, 60, 60, 64, 67, 0, 0, 0], 2.0, 'A')
([0, 0, 0, 0, 0, 0, 0, 0], 2.0, '|')
([0, 0, 0, 0, 0, 0, 0, 0], 1.0, '.')
([0, 0, 0, 0, 0, 0, 0, 0], 1.0, '1.0')
([54, 0, 0, 0, 0, 0, 0, 0], 1.0, 'F#')
([54, 64, 69, 73, 0, 0, 0, 0], 1.0, 'm7')
([54, 64, 69, 73, 68, 0, 0, 0], 1.0, 'add 9')
([0, 0, 0, 0, 0, 0, 0, 0], 1.0, '.')
([0, 0, 0, 0, 0, 0, 0, 0], 1.0, '1.0')
([53, 0, 0, 0, 0, 0, 0, 0], 1.0, 'F')
([53, 65, 69, 72, 0, 0, 0, 0], 1.0, 'maj')
([0, 0, 0, 0, 0, 0, 0, 27], 1.0, '/')
([45, 65, 65, 69, 72, 0, 0, 0], 1.0, 'A')
([0, 0, 0, 0, 0, 0, 0, 0], 1.0, '.')
([0, 0, 0, 0, 0, 0, 0, 0], 1.0, '1.0')
([45, 0, 0, 0, 0, 0, 0, 0], 1.0, 'A')
([45, 57, 61, 64, 0, 0, 0, 0], 1.0, 'maj')
([0, 0, 0, 0, 0, 0, 0, 27], 1.0, '/')
([52, 57, 57, 61, 64, 0, 0, 0], 1.0, 'E')
([0, 0, 0, 0, 0, 0, 0, 0], 1.0, '.')
([0, 0, 0, 0, 0, 0, 0, 0], 1.0, '1.0')
([52, 0, 0, 0, 0, 0, 0, 0], 1.0, 'E')
([52, 64, 68, 71, 0, 0, 0, 0], 1.0, 'maj')
([0, 0, 0, 0, 0, 0, 0, 27], 1.0, '/')
([44, 64, 64, 68, 71, 0, 0, 0], 1.0, 'G#')
([0, 0, 0, 0, 0, 0, 0, 0], 1.0, 'Form_Coda')
([0, 0, 0, 0, 0, 0, 0, 0], 1.0, '|')
([0, 0, 0, 0, 0, 0, 0, 0], 2.0, '.')
([0, 0, 0, 0, 0, 0, 0, 0], 2.0, '2.0')
([46, 0, 0, 0, 0, 0, 0, 0], 2.0, 'Bb')
([46, 53, 62, 65, 0, 0, 0, 0], 2.0, 'maj')
([0, 0, 0, 0, 0, 0, 0, 27], 2.0, '/')
([43, 58, 53, 62, 65, 0, 0, 0], 2.0, 'G')
([0, 0, 0, 0, 0, 0, 0, 0], 2.0, '.')
([0, 0, 0, 0, 0, 0, 0, 0], 2.0, '2.0')
([51, 0, 0, 0, 0, 0, 0, 0], 2.0, 'Eb')
([51, 58, 67, 70, 0, 0, 0, 0], 2.0, 'maj')
([0, 0, 0, 0, 0, 0, 0, 27], 2.0, '/')
([43, 63, 58, 67, 70, 0, 0, 0], 2.0, 'G')
([0, 0, 0, 0, 0, 0, 0, 0], 2.0, 'e||')
([0, 0, 0, 0, 0, 0, 0, 0], 1.0, '.')
([0, 0, 0, 0, 0, 0, 0, 0], 1.0, '1.0')
([54, 0, 0, 0, 0, 0, 0, 0], 1.0, 'F#')
([54, 64, 68, 69, 0, 0, 0, 0], 1.0, 'm7')
([54, 64, 68, 69, 0, 0, 0, 0], 1.0, 'add 9')
([0, 0, 0, 0, 0, 0, 0, 0], 1.0, '.')
([0, 0, 0, 0, 0, 0, 0, 0], 1.0, '1.0')
([53, 0, 0, 0, 0, 0, 0, 0], 1.0, 'F')
([53, 63, 69, 72, 0, 0, 0, 0], 1.0, 'dom7')
([53, 63, 69, 72, 67, 0, 0, 0], 1.0, 'add 9')
([0, 0, 0, 0, 0, 0, 0, 0], 2.0, '.')
([0, 0, 0, 0, 0, 0, 0, 0], 2.0, '2.0')
([52, 0, 0, 0, 0, 0, 0, 0], 2.0, 'E')
([52, 57, 59, 64, 66, 0, 0, 0], 2.0, 'sus4')
([52, 57, 59, 64, 66, 70, 0, 0], 2.0, 'add #11')
([52, 57, 59, 64, 66, 70, 63, 0], 2.0, 'add 7')
([0, 0, 0, 0, 0, 0, 0, 0], 2.0, '.')
([0, 0, 0, 0, 0, 0, 0, 0], 2.0, '2.0')
([46, 0, 0, 0, 0, 0, 0, 0], 2.0, 'Bb')
([46, 53, 58, 62, 0, 0, 0, 0], 2.0, 'maj')
([0, 0, 0, 0, 0, 0, 0, 0], 2.0, 'Form_Coda')
([0, 0, 0, 0, 0, 0, 0, 0], 2.0, 'b||')
([0, 0, 0, 0, 0, 0, 0, 0], 2.0, '.')
([0, 0, 0, 0, 0, 0, 0, 0], 2.0, '2.0')
([48, 0, 0, 0, 0, 0, 0, 0], 2.0, 'C')
([48, 58, 63, 67, 0, 0, 0, 0], 2.0, 'm7')
