([0, 0, 0, 0, 0, 0, 0, 0], 0.0, '<style>')
([0, 0, 0, 0, 0, 0, 0, 0], 0.0, 'Jazz')
([0, 0, 0, 0, 0, 0, 0, 0], 0.0, 'Tonality')
([0, 0, 0, 0, 0, 0, 0, 0], 0.0, 'D major')
([0, 0, 0, 0, 0, 0, 0, 0], 0.0, '<start>')
([0, 0, 0, 0, 0, 0, 0, 0], 0.0, '|')
([0, 0, 0, 0, 0, 0, 0, 0], 2.0, '.')
([0, 0, 0, 0, 0, 0, 0, 0], 2.0, '2.0')
([53, 0, 0, 0, 0, 0, 0, 0], 2.0, 'F')
([53, 63, 68, 72, 0, 0, 0, 0], 2.0, 'm7')
([0, 0, 0, 0, 0, 0, 0, 0], 2.0, '.')
([0, 0, 0, 0, 0, 0, 0, 0], 2.0, '2.0')
([46, 0, 0, 0, 0, 0, 0, 0], 2.0, 'Bb')
([46, 56, 62, 65, 0, 0, 0, 0], 2.0, 'dom7')
([46, 56, 62, 65, 60, 0, 0, 0], 2.0, 'add 9')
([0, 0, 0, 0, 0, 0, 0, 0], 2.0, '.')
([0, 0, 0, 0, 0, 0, 0, 0], 2.0, '2.0')
([51, 0, 0, 0, 0, 0, 0, 0], 2.0, 'Eb')
([51, 61, 66, 70, 0, 0, 0, 0], 2.0, 'm7')
([51, 61, 66, 70, 65, 0, 0, 0], 2.0, 'add 9')
([0, 0, 0, 0, 0, 0, 0, 0], 2.0, '|')
([0, 0, 0, 0, 0, 0, 0, 0], 2.0, '.')
([0, 0, 0, 0, 0, 0, 0, 0], 2.0, '2.0')
([46, 0, 0, 0, 0, 0, 0, 0], 2.0, 'Bb')
([46, 56, 61, 65, 0, 0, 0, 0], 2.0, 'm7')
([0, 0, 0, 0, 0, 0, 0, 0], 2.0, '.')
([0, 0, 0, 0, 0, 0, 0, 0], 2.0, '2.0')
([51, 0, 0, 0, 0, 0, 0, 0], 2.0, 'Eb')
([51, 58, 61, 66, 0, 0, 0, 0], 2.0, 'm7')
([51, 58, 61, 66, 65, 0, 0, 0], 2.0, 'add 9')
([0, 0, 0, 0, 0, 0, 0, 0], 2.0, '|')
([0, 0, 0, 0, 0, 0, 0, 0], 2.0, '.')
([0, 0, 0, 0, 0, 0, 0, 0], 2.0, '2.0')
([46, 0, 0, 0, 0, 0, 0, 0], 2.0, 'Bb')
([46, 53, 56, 61, 0, 0, 0, 0], 2.0, 'm7')
([0, 0, 0, 0, 0, 0, 0, 0], 2.0, '.')
([0, 0, 0, 0, 0, 0, 0, 0], 2.0, '2.0')
([51, 0, 0, 0, 0, 0, 0, 0], 2.0, 'Eb')
([51, 61, 65, 66, 0, 0, 0, 0], 2.0, 'm7')
([51, 61, 65, 66, 0, 0, 0, 0], 2.0, 'add 9')
([0, 0, 0, 0, 0, 0, 0, 0], 2.0, '|')
([0, 0, 0, 0, 0, 0, 0, 0], 2.0, '.')
([0, 0, 0, 0, 0, 0, 0, 0], 2.0, '2.0')
([46, 0, 0, 0, 0, 0, 0, 0], 2.0, 'Bb')
([46, 56, 60, 61, 0, 0, 0, 0], 2.0, 'm7')
([0, 0, 0, 0, 0, 0, 0, 0], 2.0, '.')
([0, 0, 0, 0, 0, 0, 0, 0], 2.0, '2.0')
([51, 0, 0, 0, 0, 0, 0, 0], 2.0, 'Eb')
([51, 61, 66, 70, 0, 0, 0, 0], 2.0, 'm7')
([51, 61, 66, 70, 65, 0, 0, 0], 2.0, 'add 9')
([0, 0, 0, 0, 0, 0, 0, 0], 2.0, '|')
([0, 0, 0, 0, 0, 0, 0, 0], 2.0, '.')
([0, 0, 0, 0, 0, 0, 0, 0], 2.0, '2.0')
([46, 0, 0, 0, 0, 0, 0, 0], 2.0, 'Bb')
([46, 56, 61, 65, 0, 0, 0, 0], 2.0, 'm7')
([0, 0, 0, 0, 0, 0, 0, 0], 2.0, '.')
([0, 0, 0, 0, 0, 0, 0, 0], 2.0, '2.0')
([51, 0, 0, 0, 0, 0, 0, 0], 2.0, 'Eb')
([51, 58, 61, 66, 0, 0, 0, 0], 2.0, 'm7')
([51, 58, 61, 66, 65, 0, 0, 0], 2.0, 'add 9')
([0, 0, 0, 0, 0, 0, 0, 0], 2.0, '|')
([0, 0, 0, 0, 0, 0, 0, 0], 2.0, '.')
([0, 0, 0, 0, 0, 0, 0, 0], 2.0, '2.0')
([46, 0, 0, 0, 0, 0, 0, 0], 2.0, 'Bb')
([46, 53, 56, 61, 0, 0, 0, 0], 2.0, 'm7')
([0, 0, 0, 0, 0, 0, 0, 0], 2.0, '.')
([0, 0, 0, 0, 0, 0, 0, 0], 2.0, '2.0')
([51, 0, 0, 0, 0, 0, 0, 0], 2.0, 'Eb')
([51, 61, 65, 66, 0, 0, 0, 0], 2.0, 'm7')
([51, 61, 65, 66, 0, 0, 0, 0], 2.0, 'add 9')
([0, 0, 0, 0, 0, 0, 0, 0], 2.0, '|')
([0, 0, 0, 0, 0, 0, 0, 0], 1.0, '.')
([0, 0, 0, 0, 0, 0, 0, 0], 1.0, '1.0')
([46, 0, 0, 0, 0, 0, 0, 0], 1.0, 'Bb')
([46, 56, 60, 61, 0, 0, 0, 0], 1.0, 'm7')
([0, 0, 0, 0, 0, 0, 0, 0], 1.0, '.')
([0, 0, 0, 0, 0, 0, 0, 0], 1.0, '1.0')
([51, 0, 0, 0, 0, 0, 0, 0], 1.0, 'Eb')
([51, 61, 65, 67, 70, 0, 0, 0], 1.0, 'dom7')
([51, 61, 65, 67, 70, 0, 0, 0], 1.0, 'add 9')
([0, 0, 0, 0, 0, 0, 0, 0], 2.0, '.')
([0, 0, 0, 0, 0, 0, 0, 0], 2.0, '2.0')
([50, 0, 0, 0, 0, 0, 0, 0], 2.0, 'D')
([50, 61, 64, 66, 0, 0, 0, 0], 2.0, 'maj7')
([0, 0, 0, 0, 0, 0, 0, 0], 2.0, '|')
([0, 0, 0, 0, 0, 0, 0, 0], 2.0, '.')
([0, 0, 0, 0, 0, 0, 0, 0], 2.0, '2.0')
([49, 0, 0, 0, 0, 0, 0, 0], 2.0, 'C#')
([49, 56, 59, 64, 0, 0, 0, 0], 2.0, 'm7')
([49, 55, 59, 64, 0, 0, 0, 0], 2.0, 'alter b5')
([49, 56, 59, 64, 62, 0, 0, 0], 2.0, 'add b9')
([0, 0, 0, 0, 0, 0, 0, 0], 2.0, '.')
([0, 0, 0, 0, 0, 0, 0, 0], 2.0, '2.0')
([54, 0, 0, 0, 0, 0, 0, 0], 2.0, 'F#')
([54, 64, 70, 73, 0, 0, 0, 0], 2.0, 'dom7')
([54, 64, 70, 72, 0, 0, 0, 0], 2.0, 'alter b5')
([54, 64, 70, 73, 67, 0, 0, 0], 2.0, 'add b9')
([0, 0, 0, 0, 0, 0, 0, 0], 2.0, '|')
([0, 0, 0, 0, 0, 0, 0, 0], 2.0, '.')
([0, 0, 0, 0, 0, 0, 0, 0], 2.0, '2.0')
([47, 0, 0, 0, 0, 0, 0, 0], 2.0, 'B')
([47, 57, 61, 62, 0, 0, 0, 0], 2.0, 'm7')
([0, 0, 0, 0, 0, 0, 0, 0], 2.0, '.')
([0, 0, 0, 0, 0, 0, 0, 0], 2.0, '2.0')
([52, 0, 0, 0, 0, 0, 0, 0], 2.0, 'E')
([52, 62, 67, 71, 0, 0, 0, 0], 2.0, 'm7')
([0, 0, 0, 0, 0, 0, 0, 0], 2.0, '|')
([0, 0, 0, 0, 0, 0, 0, 0], 2.0, '.')
([0, 0, 0, 0, 0, 0, 0, 0], 2.0, '2.0')
([46, 0, 0, 0, 0, 0, 0, 0], 2.0, 'Bb')
([46, 56, 60, 61, 0, 0, 0, 0], 2.0, 'm7')
([0, 0, 0, 0, 0, 0, 0, 0], 2.0, '.')
([0, 0, 0, 0, 0, 0, 0, 0], 2.0, '2.0')
([51, 0, 0, 0, 0, 0, 0, 0], 2.0, 'Eb')
([51, 61, 66, 70, 0, 0, 0, 0], 2.0, 'm7')
([51, 61, 66, 70, 65, 0, 0, 0], 2.0, 'add 9')
([0, 0, 0, 0, 0, 0, 0, 0], 2.0, '|')
([0, 0, 0, 0, 0, 0, 0, 0], 2.0, '.')
([0, 0, 0, 0, 0, 0, 0, 0], 2.0, '2.0')
([46, 0, 0, 0, 0, 0, 0, 0], 2.0, 'Bb')
([46, 56, 61, 65, 0, 0, 0, 0], 2.0, 'm7')
([0, 0, 0, 0, 0, 0, 0, 0], 2.0, '.')
([0, 0, 0, 0, 0, 0, 0, 0], 2.0, '2.0')
([51, 0, 0, 0, 0, 0, 0, 0], 2.0, 'Eb')
([51, 58, 61, 66, 0, 0, 0, 0], 2.0, 'm7')
([51, 58, 61, 66, 65, 0, 0, 0], 2.0, 'add 9')
([0, 0, 0, 0, 0, 0, 0, 0], 2.0, '|')
([0, 0, 0, 0, 0, 0, 0, 0], 1.0, '.')
([0, 0, 0, 0, 0, 0, 0, 0], 1.0, '1.0')
([46, 0, 0, 0, 0, 0, 0, 0], 1.0, 'Bb')
([46, 53, 56, 61, 0, 0, 0, 0], 1.0, 'm7')
([0, 0, 0, 0, 0, 0, 0, 0], 1.0, '.')
([0, 0, 0, 0, 0, 0, 0, 0], 1.0, '1.0')
([51, 0, 0, 0, 0, 0, 0, 0], 1.0, 'Eb')
([51, 61, 65, 67, 0, 0, 0, 0], 1.0, 'dom7')
([51, 61, 65, 67, 0, 0, 0, 0], 1.0, 'add 9')
([0, 0, 0, 0, 0, 0, 0, 0], 2.0, '.')
([0, 0, 0, 0, 0, 0, 0, 0], 2.0, '2.0')
([50, 0, 0, 0, 0, 0, 0, 0], 2.0, 'D')
([50, 61, 66, 69, 0, 0, 0, 0], 2.0, 'maj7')
([0, 0, 0, 0, 0, 0, 0, 0], 2.0, '|')
([0, 0, 0, 0, 0, 0, 0, 0], 2.0, '.')
([0, 0, 0, 0, 0, 0, 0, 0], 2.0, '2.0')
([49, 0, 0, 0, 0, 0, 0, 0], 2.0, 'C#')
([49, 59, 64, 68, 0, 0, 0, 0], 2.0, 'm7')
([49, 59, 64, 67, 0, 0, 0, 0], 2.0, 'alter b5')
([49, 59, 64, 68, 62, 0, 0, 0], 2.0, 'add b9')
([0, 0, 0, 0, 0, 0, 0, 0], 2.0, '.')
([0, 0, 0, 0, 0, 0, 0, 0], 2.0, '2.0')
([54, 0, 0, 0, 0, 0, 0, 0], 2.0, 'F#')
([54, 64, 68, 70, 73, 0, 0, 0], 2.0, 'dom7')
([54, 64, 68, 70, 72, 0, 0, 0], 2.0, 'alter b5')
([54, 64, 70, 73, 67, 0, 0, 0], 2.0, 'add b9')
([0, 0, 0, 0, 0, 0, 0, 0], 2.0, '|')
([0, 0, 0, 0, 0, 0, 0, 0], 2.0, '.')
([0, 0, 0, 0, 0, 0, 0, 0], 2.0, '2.0')
([47, 0, 0, 0, 0, 0, 0, 0], 2.0, 'B')
([47, 54, 57, 62, 0, 0, 0, 0], 2.0, 'm7')
([0, 0, 0, 0, 0, 0, 0, 0], 2.0, '.')
([0, 0, 0, 0, 0, 0, 0, 0], 2.0, '2.0')
([52, 0, 0, 0, 0, 0, 0, 0], 2.0, 'E')
([52, 62, 66, 67, 0, 0, 0, 0], 2.0, 'm7')
([0, 0, 0, 0, 0, 0, 0, 0], 2.0, '|')
([0, 0, 0, 0, 0, 0, 0, 0], 2.0, '.')
([0, 0, 0, 0, 0, 0, 0, 0], 2.0, '2.0')
([46, 0, 0, 0, 0, 0, 0, 0], 2.0, 'Bb')
([46, 53, 56, 61, 0, 0, 0, 0], 2.0, 'm7')
([0, 0, 0, 0, 0, 0, 0, 0], 2.0, '.')
([0, 0, 0, 0, 0, 0, 0, 0], 2.0, '2.0')
([51, 0, 0, 0, 0, 0, 0, 0], 2.0, 'Eb')
([51, 61, 65, 66, 0, 0, 0, 0], 2.0, 'm7')
([51, 61, 65, 66, 0, 0, 0, 0], 2.0, 'add 9')
([0, 0, 0, 0, 0, 0, 0, 0], 2.0, '|')
([0, 0, 0, 0, 0, 0, 0, 0], 2.0, '.')
([0, 0, 0, 0, 0, 0, 0, 0], 2.0, '2.0')
([46, 0, 0, 0, 0, 0, 0, 0], 2.0, 'Bb')
([46, 56, 60, 61, 0, 0, 0, 0], 2.0, 'm7')
([0, 0, 0, 0, 0, 0, 0, 0], 2.0, '.')
([0, 0, 0, 0, 0, 0, 0, 0], 2.0, '2.0')
([51, 0, 0, 0, 0, 0, 0, 0], 2.0, 'Eb')
([51, 61, 66, 70, 0, 0, 0, 0], 2.0, 'm7')
([51, 61, 66, 70, 65, 0, 0, 0], 2.0, 'add 9')
([0, 0, 0, 0, 0, 0, 0, 0], 2.0, '|')
([0, 0, 0, 0, 0, 0, 0, 0], 2.0, '.')
([0, 0, 0, 0, 0, 0, 0, 0], 2.0, '2.0')
([46, 0, 0, 0, 0, 0, 0, 0], 2.0, 'Bb')
([46, 56, 61, 65, 0, 0, 0, 0], 2.0, 'm7')
([0, 0, 0, 0, 0, 0, 0, 0], 2.0, '.')
([0, 0, 0, 0, 0, 0, 0, 0], 2.0, '2.0')
([51, 0, 0, 0, 0, 0, 0, 0], 2.0, 'Eb')
([51, 58, 61, 66, 0, 0, 0, 0], 2.0, 'm7')
([51, 58, 61, 66, 65, 0, 0, 0], 2.0, 'add 9')
([0, 0, 0, 0, 0, 0, 0, 0], 2.0, '|')
([0, 0, 0, 0, 0, 0, 0, 0], 2.0, '.')
([0, 0, 0, 0, 0, 0, 0, 0], 2.0, '2.0')
([46, 0, 0, 0, 0, 0, 0, 0], 2.0, 'Bb')
([46, 53, 56, 61, 0, 0, 0, 0], 2.0, 'm7')
([0, 0, 0, 0, 0, 0, 0, 0], 2.0, '.')
([0, 0, 0, 0, 0, 0, 0, 0], 2.0, '2.0')
([51, 0, 0, 0, 0, 0, 0, 0], 2.0, 'Eb')
([51, 61, 65, 66, 0, 0, 0, 0], 2.0, 'm7')
([51, 61, 65, 66, 0, 0, 0, 0], 2.0, 'add 9')
([0, 0, 0, 0, 0, 0, 0, 0], 2.0, '|')
([0, 0, 0, 0, 0, 0, 0, 0], 1.0, '.')
([0, 0, 0, 0, 0, 0, 0, 0], 1.0, '1.0')
([46, 0, 0, 0, 0, 0, 0, 0], 1.0, 'Bb')
([46, 56, 60, 61, 0, 0, 0, 0], 1.0, 'm7')
([0, 0, 0, 0, 0, 0, 0, 0], 1.0, '.')
([0, 0, 0, 0, 0, 0, 0, 0], 1.0, '1.0')
([51, 0, 0, 0, 0, 0, 0, 0], 1.0, 'Eb')
([51, 61, 65, 67, 70, 0, 0, 0], 1.0, 'dom7')
([51, 61, 65, 67, 70, 0, 0, 0], 1.0, 'add 9')
([0, 0, 0, 0, 0, 0, 0, 0], 2.0, '.')
([0, 0, 0, 0, 0, 0, 0, 0], 2.0, '2.0')
([50, 0, 0, 0, 0, 0, 0, 0], 2.0, 'D')
([50, 61, 64, 66, 0, 0, 0, 0], 2.0, 'maj7')
([0, 0, 0, 0, 0, 0, 0, 0], 2.0, '|')
([0, 0, 0, 0, 0, 0, 0, 0], 2.0, '.')
([0, 0, 0, 0, 0, 0, 0, 0], 2.0, '2.0')
([49, 0, 0, 0, 0, 0, 0, 0], 2.0, 'C#')
