([0, 0, 0, 0, 0, 0, 0, 0], 0.0, '<style>')
([0, 0, 0, 0, 0, 0, 0, 0], 0.0, 'Jazz')
([0, 0, 0, 0, 0, 0, 0, 0], 0.0, 'Tonality')
([0, 0, 0, 0, 0, 0, 0, 0], 0.0, 'F major')
([0, 0, 0, 0, 0, 0, 0, 0], 0.0, '<start>')
([0, 0, 0, 0, 0, 0, 0, 0], 0.0, '|')
([0, 0, 0, 0, 0, 0, 0, 0], 2.0, '.')
([0, 0, 0, 0, 0, 0, 0, 0], 2.0, '2.0')
([53, 0, 0, 0, 0, 0, 0, 0], 2.0, 'F')
([53, 63, 68, 72, 0, 0, 0, 0], 2.0, 'm7')
([0, 0, 0, 0, 0, 0, 0, 0], 2.0, '.')
([0, 0, 0, 0, 0, 0, 0, 0], 2.0, '2.0')
([46, 0, 0, 0, 0, 0, 0, 0], 2.0, 'Bb')
([46, 56, 62, 65, 0, 0, 0, 0], 2.0, 'dom7')
([46, 56, 62, 65, 60, 0, 0, 0], 2.0, 'add 9')
([0, 0, 0, 0, 0, 0, 0, 0], 2.0, '.')
([0, 0, 0, 0, 0, 0, 0, 0], 2.0, '2.0')
([51, 0, 0, 0, 0, 0, 0, 0], 2.0, 'Eb')
([51, 62, 65, 67, 70, 0, 0, 0], 2.0, 'maj7')
([51, 62, 65, 67, 70, 0, 0, 0], 2.0, 'add 9')
([0, 0, 0, 0, 0, 0, 0, 0], 2.0, '|')
([0, 0, 0, 0, 0, 0, 0, 0], 2.0, '.')
([0, 0, 0, 0, 0, 0, 0, 0], 2.0, '2.0')
([43, 0, 0, 0, 0, 0, 0, 0], 2.0, 'G')
([43, 53, 58, 62, 0, 0, 0, 0], 2.0, 'm7')
([0, 0, 0, 0, 0, 0, 0, 0], 2.0, '.')
([0, 0, 0, 0, 0, 0, 0, 0], 2.0, '2.0')
([48, 0, 0, 0, 0, 0, 0, 0], 2.0, 'C')
([48, 58, 64, 67, 0, 0, 0, 0], 2.0, 'dom7')
([48, 58, 64, 67, 62, 0, 0, 0], 2.0, 'add 9')
([48, 58, 64, 67, 62, 66, 0, 0], 2.0, 'add #11')
([0, 0, 0, 0, 0, 0, 0, 0], 2.0, '|')
([0, 0, 0, 0, 0, 0, 0, 0], 2.0, '.')
([0, 0, 0, 0, 0, 0, 0, 0], 2.0, '2.0')
([53, 0, 0, 0, 0, 0, 0, 0], 2.0, 'F')
([53, 64, 67, 69, 0, 0, 0, 0], 2.0, 'maj7')
([0, 0, 0, 0, 0, 0, 0, 0], 2.0, '.')
([0, 0, 0, 0, 0, 0, 0, 0], 2.0, '2.0')
([52, 0, 0, 0, 0, 0, 0, 0], 2.0, 'E')
([52, 62, 67, 71, 0, 0, 0, 0], 2.0, 'm7')
([0, 0, 0, 0, 0, 0, 0, 0], 2.0, '|')
([0, 0, 0, 0, 0, 0, 0, 0], 2.0, '.')
([0, 0, 0, 0, 0, 0, 0, 0], 2.0, '2.0')
([46, 0, 0, 0, 0, 0, 0, 0], 2.0, 'Bb')
([46, 56, 60, 61, 0, 0, 0, 0], 2.0, 'm7')
([0, 0, 0, 0, 0, 0, 0, 0], 2.0, '.')
([0, 0, 0, 0, 0, 0, 0, 0], 2.0, '2.0')
([51, 0, 0, 0, 0, 0, 0, 0], 2.0, 'Eb')
([51, 61, 65, 67, 70, 0, 0, 0], 2.0, 'dom7')
([51, 61, 65, 67, 70, 0, 0, 0], 2.0, 'add 9')
([51, 61, 65, 67, 70, 69, 0, 0], 2.0, 'add #11')
([0, 0, 0, 0, 0, 0, 0, 0], 2.0, '|')
([0, 0, 0, 0, 0, 0, 0, 0], 2.0, '.')
([0, 0, 0, 0, 0, 0, 0, 0], 2.0, '2.0')
([44, 0, 0, 0, 0, 0, 0, 0], 2.0, 'G#')
([44, 55, 60, 63, 0, 0, 0, 0], 2.0, 'maj7')
([0, 0, 0, 0, 0, 0, 0, 0], 2.0, '.')
([0, 0, 0, 0, 0, 0, 0, 0], 2.0, '2.0')
([49, 0, 0, 0, 0, 0, 0, 0], 2.0, 'C#')
([49, 60, 63, 65, 0, 0, 0, 0], 2.0, 'maj7')
([0, 0, 0, 0, 0, 0, 0, 0], 2.0, '|')
([0, 0, 0, 0, 0, 0, 0, 0], 2.0, '.')
([0, 0, 0, 0, 0, 0, 0, 0], 2.0, '2.0')
([43, 0, 0, 0, 0, 0, 0, 0], 2.0, 'G')
([43, 50, 53, 58, 0, 0, 0, 0], 2.0, 'm7')
([43, 49, 53, 58, 0, 0, 0, 0], 2.0, 'alter b5')
([0, 0, 0, 0, 0, 0, 0, 0], 2.0, '.')
([0, 0, 0, 0, 0, 0, 0, 0], 2.0, '2.0')
([48, 0, 0, 0, 0, 0, 0, 0], 2.0, 'C')
([48, 58, 62, 64, 67, 0, 0, 0], 2.0, 'dom7')
([48, 58, 62, 64, 67, 0, 0, 0], 2.0, 'add 9')
([48, 58, 62, 64, 67, 66, 0, 0], 2.0, 'add #11')
([0, 0, 0, 0, 0, 0, 0, 0], 2.0, '|')
([0, 0, 0, 0, 0, 0, 0, 0], 2.0, '.')
([0, 0, 0, 0, 0, 0, 0, 0], 2.0, '2.0')
([43, 0, 0, 0, 0, 0, 0, 0], 2.0, 'G')
([43, 52, 59, 62, 0, 0, 0, 0], 2.0, 'm6')
([43, 52, 59, 62, 57, 0, 0, 0], 2.0, 'add 9')
([0, 0, 0, 0, 0, 0, 0, 0], 2.0, '.')
([0, 0, 0, 0, 0, 0, 0, 0], 2.0, '2.0')
([48, 0, 0, 0, 0, 0, 0, 0], 2.0, 'C')
([48, 58, 62, 64, 67, 0, 0, 0], 2.0, 'dom7')
([48, 58, 62, 64, 67, 0, 0, 0], 2.0, 'add 9')
([48, 58, 62, 64, 67, 66, 0, 0], 2.0, 'add #11')
([0, 0, 0, 0, 0, 0, 0, 0], 2.0, '|')
([0, 0, 0, 0, 0, 0, 0, 0], 2.0, '.')
([0, 0, 0, 0, 0, 0, 0, 0], 2.0, '2.0')
([53, 0, 0, 0, 0, 0, 0, 0], 2.0, 'F')
([53, 64, 69, 72, 0, 0, 0, 0], 2.0, 'maj7')
([0, 0, 0, 0, 0, 0, 0, 0], 2.0, '.')
([0, 0, 0, 0, 0, 0, 0, 0], 2.0, '2.0')
([52, 0, 0, 0, 0, 0, 0, 0], 2.0, 'E')
([52, 62, 66, 67, 0, 0, 0, 0], 2.0, 'm7')
([0, 0, 0, 0, 0, 0, 0, 0], 2.0, '|')
([0, 0, 0, 0, 0, 0, 0, 0], 2.0, '.')
([0, 0, 0, 0, 0, 0, 0, 0], 2.0, '2.0')
([46, 0, 0, 0, 0, 0, 0, 0], 2.0, 'Bb')
([46, 53, 56, 61, 0, 0, 0, 0], 2.0, 'm7')
([0, 0, 0, 0, 0, 0, 0, 0], 2.0, '.')
([0, 0, 0, 0, 0, 0, 0, 0], 2.0, '2.0')
([51, 0, 0, 0, 0, 0, 0, 0], 2.0, 'Eb')
([51, 61, 65, 67, 0, 0, 0, 0], 2.0, 'dom7')
([51, 61, 65, 67, 0, 0, 0, 0], 2.0, 'add 9')
([51, 61, 65, 67, 69, 0, 0, 0], 2.0, 'add #11')
([0, 0, 0, 0, 0, 0, 0, 0], 2.0, '|')
([0, 0, 0, 0, 0, 0, 0, 0], 4.0, '.')
([0, 0, 0, 0, 0, 0, 0, 0], 4.0, '4.0')
([43, 0, 0, 0, 0, 0, 0, 0], 4.0, 'G')
([43, 53, 58, 62, 0, 0, 0, 0], 4.0, 'm7')
([0, 0, 0, 0, 0, 0, 0, 0], 4.0, '|')
([0, 0, 0, 0, 0, 0, 0, 0], 2.0, '.')
([0, 0, 0, 0, 0, 0, 0, 0], 2.0, '2.0')
([49, 0, 0, 0, 0, 0, 0, 0], 2.0, 'C#')
([49, 58, 61, 65, 0, 0, 0, 0], 2.0, 'm6')
([0, 0, 0, 0, 0, 0, 0, 27], 2.0, '/')
([46, 61, 58, 61, 65, 0, 0, 0], 2.0, 'Bb')
([0, 0, 0, 0, 0, 0, 0, 0], 2.0, '.')
([0, 0, 0, 0, 0, 0, 0, 0], 2.0, '2.0')
([49, 0, 0, 0, 0, 0, 0, 0], 2.0, 'C#')
([49, 60, 63, 65, 0, 0, 0, 0], 2.0, 'maj7')
([0, 0, 0, 0, 0, 0, 0, 0], 2.0, '|')
([0, 0, 0, 0, 0, 0, 0, 0], 2.0, '.')
([0, 0, 0, 0, 0, 0, 0, 0], 2.0, '2.0')
([43, 0, 0, 0, 0, 0, 0, 0], 2.0, 'G')
([43, 50, 53, 58, 0, 0, 0, 0], 2.0, 'm7')
([43, 49, 53, 58, 0, 0, 0, 0], 2.0, 'alter b5')
([0, 0, 0, 0, 0, 0, 0, 0], 2.0, '.')
([0, 0, 0, 0, 0, 0, 0, 0], 2.0, '2.0')
([48, 0, 0, 0, 0, 0, 0, 0], 2.0, 'C')
([48, 58, 62, 64, 67, 0, 0, 0], 2.0, 'dom7')
([48, 58, 62, 64, 67, 0, 0, 0], 2.0, 'add 9')
([48, 58, 62, 64, 67, 66, 0, 0], 2.0, 'add #11')
([0, 0, 0, 0, 0, 0, 0, 0], 2.0, '|')
([0, 0, 0, 0, 0, 0, 0, 0], 2.0, '.')
([0, 0, 0, 0, 0, 0, 0, 0], 2.0, '2.0')
([43, 0, 0, 0, 0, 0, 0, 0], 2.0, 'G')
([43, 52, 59, 62, 0, 0, 0, 0], 2.0, 'm6')
([43, 52, 59, 62, 57, 0, 0, 0], 2.0, 'add 9')
([0, 0, 0, 0, 0, 0, 0, 0], 2.0, '.')
([0, 0, 0, 0, 0, 0, 0, 0], 2.0, '2.0')
([48, 0, 0, 0, 0, 0, 0, 0], 2.0, 'C')
([48, 58, 62, 64, 67, 0, 0, 0], 2.0, 'dom7')
([48, 58, 62, 64, 67, 0, 0, 0], 2.0, 'add 9')
([48, 58, 62, 64, 67, 66, 0, 0], 2.0, 'add #11')
([0, 0, 0, 0, 0, 0, 0, 0], 2.0, '|')
([0, 0, 0, 0, 0, 0, 0, 0], 4.0, '.')
([0, 0, 0, 0, 0, 0, 0, 0], 4.0, '4.0')
([53, 0, 0, 0, 0, 0, 0, 0], 4.0, 'F')
([53, 64, 69, 72, 0, 0, 0, 0], 4.0, 'maj7')
([0, 0, 0, 0, 0, 0, 0, 0], 4.0, '|')
([0, 0, 0, 0, 0, 0, 0, 0], 4.0, '.')
([0, 0, 0, 0, 0, 0, 0, 0], 4.0, '4.0')
([51, 0, 0, 0, 0, 0, 0, 0], 4.0, 'Eb')
([51, 61, 66, 70, 0, 0, 0, 0], 4.0, 'm7')
([0, 0, 0, 0, 0, 0, 0, 0], 4.0, '|')
([0, 0, 0, 0, 0, 0, 0, 0], 4.0, '.')
([0, 0, 0, 0, 0, 0, 0, 0], 4.0, '4.0')
([50, 0, 0, 0, 0, 0, 0, 0], 4.0, 'D')
([50, 60, 64, 65, 0, 0, 0, 0], 4.0, 'm7')
([0, 0, 0, 0, 0, 0, 0, 0], 4.0, '|')
([0, 0, 0, 0, 0, 0, 0, 0], 4.0, '.')
([0, 0, 0, 0, 0, 0, 0, 0], 4.0, '4.0')
([48, 0, 0, 0, 0, 0, 0, 0], 4.0, 'C')
([48, 59, 64, 67, 0, 0, 0, 0], 4.0, 'maj7')
([0, 0, 0, 0, 0, 0, 0, 0], 4.0, '|')
([0, 0, 0, 0, 0, 0, 0, 0], 2.0, '.')
([0, 0, 0, 0, 0, 0, 0, 0], 2.0, '2.0')
([53, 0, 0, 0, 0, 0, 0, 0], 2.0, 'F')
([53, 63, 68, 72, 0, 0, 0, 0], 2.0, 'm7')
([0, 0, 0, 0, 0, 0, 0, 0], 2.0, '.')
([0, 0, 0, 0, 0, 0, 0, 0], 2.0, '2.0')
([46, 0, 0, 0, 0, 0, 0, 0], 2.0, 'Bb')
([46, 56, 62, 65, 0, 0, 0, 0], 2.0, 'dom7')
([46, 56, 62, 65, 60, 0, 0, 0], 2.0, 'add 9')
([46, 56, 62, 65, 60, 64, 0, 0], 2.0, 'add #11')
([0, 0, 0, 0, 0, 0, 0, 0], 2.0, '|')
([0, 0, 0, 0, 0, 0, 0, 0], 2.0, '.')
([0, 0, 0, 0, 0, 0, 0, 0], 2.0, '2.0')
([43, 0, 0, 0, 0, 0, 0, 0], 2.0, 'G')
([43, 53, 57, 58, 0, 0, 0, 0], 2.0, 'm7')
([0, 0, 0, 0, 0, 0, 0, 0], 2.0, '.')
([0, 0, 0, 0, 0, 0, 0, 0], 2.0, '2.0')
([43, 0, 0, 0, 0, 0, 0, 0], 2.0, 'G')
([43, 53, 58, 62, 0, 0, 0, 0], 2.0, 'm7')
([0, 0, 0, 0, 0, 0, 0, 0], 2.0, '|')
([0, 0, 0, 0, 0, 0, 0, 0], 2.0, '.')
([0, 0, 0, 0, 0, 0, 0, 0], 2.0, '2.0')
([48, 0, 0, 0, 0, 0, 0, 0], 2.0, 'C')
([48, 58, 62, 64, 0, 0, 0, 0], 2.0, 'dom7')
([0, 0, 0, 0, 0, 0, 0, 0], 2.0, '.')
([0, 0, 0, 0, 0, 0, 0, 0], 2.0, '2.0')
([50, 0, 0, 0, 0, 0, 0, 0], 2.0, 'D')
([50, 60, 65, 69, 0, 0, 0, 0], 2.0, 'm7')
([0, 0, 0, 0, 0, 0, 0, 0], 2.0, '|')
([0, 0, 0, 0, 0, 0, 0, 0], 2.0, '.')
([0, 0, 0, 0, 0, 0, 0, 0], 2.0, '2.0')
([43, 0, 0, 0, 0, 0, 0, 0], 2.0, 'G')
([43, 53, 57, 59, 0, 0, 0, 0], 2.0, 'dom7')
([43, 53, 59, 56, 0, 0, 0, 0], 2.0, 'add b9')
([43, 53, 59, 56, 61, 0, 0, 0], 2.0, 'add #11')
([0, 0, 0, 0, 0, 0, 0, 0], 2.0, '.')
([0, 0, 0, 0, 0, 0, 0, 0], 2.0, '2.0')
([48, 0, 0, 0, 0, 0, 0, 0], 2.0, 'C')
([48, 58, 62, 64, 0, 0, 0, 0], 2.0, 'dom7')
([48, 58, 62, 64, 0, 0, 0, 0], 2.0, 'add 9')
([48, 58, 62, 64, 66, 0, 0, 0], 2.0, 'add #11')
([0, 0, 0, 0, 0, 0, 0, 0], 2.0, '|')
([0, 0, 0, 0, 0, 0, 0, 0], 4.0, '.')
([0, 0, 0, 0, 0, 0, 0, 0], 4.0, '4.0')
([53, 0, 0, 0, 0, 0, 0, 0], 4.0, 'F')
([53, 64, 67, 69, 72, 0, 0, 0], 4.0, 'maj7')
([0, 0, 0, 0, 0, 0, 0, 0], 4.0, '|')
([0, 0, 0, 0, 0, 0, 0, 0], 4.0, '.')
([0, 0, 0, 0, 0, 0, 0, 0], 4.0, '4.0')
([48, 0, 0, 0, 0, 0, 0, 0], 4.0, 'C')
([48, 58, 62, 64, 0, 0, 0, 0], 4.0, 'dom7')
([48, 58, 62, 64, 66, 0, 0, 0], 4.0, 'add #11')
([0, 0, 0, 0, 0, 0, 0, 0], 4.0, '|')
([0, 0, 0, 0, 0, 0, 0, 0], 4.0, '.')
([48, 58, 62, 64, 66, 0, 0, 0], 4.0, '4.0')
