([0, 0, 0, 0, 0, 0, 0, 0], 0.0, '<style>')
([0, 0, 0, 0, 0, 0, 0, 0], 0.0, 'Jazz')
([0, 0, 0, 0, 0, 0, 0, 0], 0.0, 'Tonality')
([0, 0, 0, 0, 0, 0, 0, 0], 0.0, 'F major')
([0, 0, 0, 0, 0, 0, 0, 0], 0.0, '<start>')
([0, 0, 0, 0, 0, 0, 0, 0], 0.0, '|')
([0, 0, 0, 0, 0, 0, 0, 0], 2.0, '.')
([0, 0, 0, 0, 0, 0, 0, 0], 2.0, '2.0')
([53, 0, 0, 0, 0, 0, 0, 0], 2.0, 'F')
([53, 63, 68, 72, 0, 0, 0, 0], 2.0, 'm7')
([0, 0, 0, 0, 0, 0, 0, 0], 2.0, '.')
([0, 0, 0, 0, 0, 0, 0, 0], 2.0, '2.0')
([46, 0, 0, 0, 0, 0, 0, 0], 2.0, 'Bb')
([46, 56, 62, 65, 0, 0, 0, 0], 2.0, 'dom7')
([46, 56, 62, 65, 60, 0, 0, 0], 2.0, 'add 9')
([0, 0, 0, 0, 0, 0, 0, 0], 2.0, '.')
([0, 0, 0, 0, 0, 0, 0, 0], 2.0, '2.0')
([51, 0, 0, 0, 0, 0, 0, 0], 2.0, 'Eb')
([51, 62, 65, 67, 70, 0, 0, 0], 2.0, 'maj7')
([51, 62, 65, 67, 70, 0, 0, 0], 2.0, 'add 9')
([0, 0, 0, 0, 0, 0, 0, 0], 2.0, '|')
([0, 0, 0, 0, 0, 0, 0, 0], 4.0, '.')
([0, 0, 0, 0, 0, 0, 0, 0], 4.0, '4.0')
([43, 0, 0, 0, 0, 0, 0, 0], 4.0, 'G')
([43, 53, 58, 62, 0, 0, 0, 0], 4.0, 'm7')
([0, 0, 0, 0, 0, 0, 0, 0], 4.0, '|')
([0, 0, 0, 0, 0, 0, 0, 0], 4.0, '.')
([0, 0, 0, 0, 0, 0, 0, 0], 4.0, '4.0')
([50, 0, 0, 0, 0, 0, 0, 0], 4.0, 'D')
([50, 60, 64, 65, 0, 0, 0, 0], 4.0, 'm7')
([0, 0, 0, 0, 0, 0, 0, 0], 4.0, '|')
([0, 0, 0, 0, 0, 0, 0, 0], 4.0, '.')
([0, 0, 0, 0, 0, 0, 0, 0], 4.0, '4.0')
([43, 0, 0, 0, 0, 0, 0, 0], 4.0, 'G')
([43, 50, 53, 58, 0, 0, 0, 0], 4.0, 'm7')
([0, 0, 0, 0, 0, 0, 0, 0], 4.0, '|')
([0, 0, 0, 0, 0, 0, 0, 0], 4.0, '.')
([0, 0, 0, 0, 0, 0, 0, 0], 4.0, '4.0')
([48, 0, 0, 0, 0, 0, 0, 0], 4.0, 'C')
([48, 58, 62, 64, 67, 0, 0, 0], 4.0, 'dom7')
([48, 58, 62, 64, 67, 65, 0, 0], 4.0, 'add 11')
([0, 0, 0, 0, 0, 0, 0, 0], 4.0, 'Form_A')
([0, 0, 0, 0, 0, 0, 0, 0], 4.0, '|')
([0, 0, 0, 0, 0, 0, 0, 0], 4.0, '.')
([0, 0, 0, 0, 0, 0, 0, 0], 4.0, '4.0')
([53, 0, 0, 0, 0, 0, 0, 0], 4.0, 'F')
([53, 64, 69, 72, 0, 0, 0, 0], 4.0, 'maj7')
([0, 0, 0, 0, 0, 0, 0, 0], 4.0, '|')
([0, 0, 0, 0, 0, 0, 0, 0], 4.0, '.')
([0, 0, 0, 0, 0, 0, 0, 0], 4.0, '4.0')
([50, 0, 0, 0, 0, 0, 0, 0], 4.0, 'D')
([50, 60, 65, 69, 0, 0, 0, 0], 4.0, 'm7')
([0, 0, 0, 0, 0, 0, 0, 0], 4.0, '|')
([0, 0, 0, 0, 0, 0, 0, 0], 4.0, '.')
([0, 0, 0, 0, 0, 0, 0, 0], 4.0, '4.0')
([46, 0, 0, 0, 0, 0, 0, 0], 4.0, 'Bb')
([46, 56, 60, 61, 0, 0, 0, 0], 4.0, 'm7')
([0, 0, 0, 0, 0, 0, 0, 0], 4.0, '|')
([0, 0, 0, 0, 0, 0, 0, 0], 4.0, '.')
([0, 0, 0, 0, 0, 0, 0, 0], 4.0, '4.0')
([48, 0, 0, 0, 0, 0, 0, 0], 4.0, 'C')
([48, 58, 64, 67, 0, 0, 0, 0], 4.0, 'dom7')
([48, 58, 64, 67, 62, 0, 0, 0], 4.0, 'add 9')
([48, 58, 64, 67, 62, 66, 0, 0], 4.0, 'add #11')
([0, 0, 0, 0, 0, 0, 0, 0], 4.0, '|')
([0, 0, 0, 0, 0, 0, 0, 0], 4.0, '.')
([0, 0, 0, 0, 0, 0, 0, 0], 4.0, '4.0')
([53, 0, 0, 0, 0, 0, 0, 0], 4.0, 'F')
([53, 63, 67, 68, 0, 0, 0, 0], 4.0, 'm7')
([53, 63, 67, 68, 0, 0, 0, 0], 4.0, 'add 9')
([0, 0, 0, 0, 0, 0, 0, 0], 4.0, '|')
([0, 0, 0, 0, 0, 0, 0, 0], 4.0, '.')
([0, 0, 0, 0, 0, 0, 0, 0], 4.0, '4.0')
([51, 0, 0, 0, 0, 0, 0, 0], 4.0, 'Eb')
([51, 62, 65, 67, 0, 0, 0, 0], 4.0, 'maj7')
([0, 0, 0, 0, 0, 0, 0, 0], 4.0, '|')
([0, 0, 0, 0, 0, 0, 0, 0], 4.0, '.')
([0, 0, 0, 0, 0, 0, 0, 0], 4.0, '4.0')
([49, 0, 0, 0, 0, 0, 0, 0], 4.0, 'C#')
([49, 60, 65, 68, 0, 0, 0, 0], 4.0, 'maj7')
([0, 0, 0, 0, 0, 0, 0, 0], 4.0, '|')
([0, 0, 0, 0, 0, 0, 0, 0], 4.0, '.')
([0, 0, 0, 0, 0, 0, 0, 0], 4.0, '4.0')
([50, 0, 0, 0, 0, 0, 0, 0], 4.0, 'D')
([50, 60, 65, 69, 0, 0, 0, 0], 4.0, 'm7')
([50, 60, 65, 69, 64, 0, 0, 0], 4.0, 'add 9')
([0, 0, 0, 0, 0, 0, 0, 0], 4.0, '|')
([0, 0, 0, 0, 0, 0, 0, 0], 4.0, '.')
([0, 0, 0, 0, 0, 0, 0, 0], 4.0, '4.0')
([43, 0, 0, 0, 0, 0, 0, 0], 4.0, 'G')
([43, 53, 57, 59, 62, 0, 0, 0], 4.0, 'dom7')
([43, 53, 59, 62, 56, 0, 0, 0], 4.0, 'add b9')
([0, 0, 0, 0, 0, 0, 0, 0], 4.0, 'Form_B')
([0, 0, 0, 0, 0, 0, 0, 0], 4.0, '|')
([0, 0, 0, 0, 0, 0, 0, 0], 4.0, '.')
([0, 0, 0, 0, 0, 0, 0, 0], 4.0, '4.0')
([43, 0, 0, 0, 0, 0, 0, 0], 4.0, 'G')
([43, 50, 53, 58, 0, 0, 0, 0], 4.0, 'm7')
([0, 0, 0, 0, 0, 0, 0, 0], 4.0, '|')
([0, 0, 0, 0, 0, 0, 0, 0], 4.0, '.')
([0, 0, 0, 0, 0, 0, 0, 0], 4.0, '4.0')
([43, 0, 0, 0, 0, 0, 0, 0], 4.0, 'G')
([43, 53, 58, 62, 0, 0, 0, 0], 4.0, 'm7')
([0, 0, 0, 0, 0, 0, 0, 0], 4.0, '|')
([0, 0, 0, 0, 0, 0, 0, 0], 4.0, '.')
([0, 0, 0, 0, 0, 0, 0, 0], 4.0, '4.0')
([51, 0, 0, 0, 0, 0, 0, 0], 4.0, 'Eb')
([51, 58, 65, 67, 72, 0, 0, 0], 4.0, 'maj6')
([0, 0, 0, 0, 0, 0, 0, 0], 4.0, '|')
([0, 0, 0, 0, 0, 0, 0, 0], 4.0, '.')
([0, 0, 0, 0, 0, 0, 0, 0], 4.0, '4.0')
([46, 0, 0, 0, 0, 0, 0, 0], 4.0, 'Bb')
([46, 57, 62, 65, 0, 0, 0, 0], 4.0, 'maj7')
([0, 0, 0, 0, 0, 0, 0, 0], 4.0, '|')
([0, 0, 0, 0, 0, 0, 0, 0], 4.0, '.')
([0, 0, 0, 0, 0, 0, 0, 0], 4.0, '4.0')
([51, 0, 0, 0, 0, 0, 0, 0], 4.0, 'Eb')
([51, 62, 65, 67, 70, 0, 0, 0], 4.0, 'maj7')
([0, 0, 0, 0, 0, 0, 0, 0], 4.0, '|')
([0, 0, 0, 0, 0, 0, 0, 0], 4.0, '.')
([0, 0, 0, 0, 0, 0, 0, 0], 4.0, '4.0')
([45, 0, 0, 0, 0, 0, 0, 0], 4.0, 'A')
([45, 52, 57, 60, 64, 0, 0, 0], 4.0, 'm')
([45, 52, 57, 60, 64, 56, 0, 0], 4.0, 'add #7')
([0, 0, 0, 0, 0, 0, 0, 0], 4.0, '|')
([0, 0, 0, 0, 0, 0, 0, 0], 4.0, '.')
([0, 0, 0, 0, 0, 0, 0, 0], 4.0, '4.0')
([45, 0, 0, 0, 0, 0, 0, 0], 4.0, 'A')
([45, 52, 57, 60, 64, 0, 0, 0], 4.0, 'm')
([45, 52, 57, 60, 64, 56, 0, 0], 4.0, 'add #7')
([0, 0, 0, 0, 0, 0, 0, 0], 4.0, '|')
([0, 0, 0, 0, 0, 0, 0, 0], 4.0, '.')
([0, 0, 0, 0, 0, 0, 0, 0], 4.0, '4.0')
([45, 0, 0, 0, 0, 0, 0, 0], 4.0, 'A')
([45, 55, 59, 60, 0, 0, 0, 0], 4.0, 'm7')
([0, 0, 0, 0, 0, 0, 0, 0], 4.0, '|')
([0, 0, 0, 0, 0, 0, 0, 0], 4.0, '.')
([0, 0, 0, 0, 0, 0, 0, 0], 4.0, '4.0')
([45, 0, 0, 0, 0, 0, 0, 0], 4.0, 'A')
([45, 52, 55, 60, 0, 0, 0, 0], 4.0, 'm7')
([0, 0, 0, 0, 0, 0, 0, 0], 4.0, '|')
([0, 0, 0, 0, 0, 0, 0, 0], 2.0, '.')
([0, 0, 0, 0, 0, 0, 0, 0], 2.0, '2.0')
([53, 0, 0, 0, 0, 0, 0, 0], 2.0, 'F')
([53, 52, 67, 69, 72, 0, 0, 0], 2.0, 'maj7')
([0, 0, 0, 0, 0, 0, 0, 0], 2.0, '.')
([0, 0, 0, 0, 0, 0, 0, 0], 2.0, '2.0')
([46, 0, 0, 0, 0, 0, 0, 0], 2.0, 'Bb')
([46, 57, 62, 65, 0, 0, 0, 0], 2.0, 'maj7')
([0, 0, 0, 0, 0, 0, 0, 0], 2.0, '|')
([0, 0, 0, 0, 0, 0, 0, 0], 4.0, '.')
([0, 0, 0, 0, 0, 0, 0, 0], 4.0, '4.0')
([43, 0, 0, 0, 0, 0, 0, 0], 4.0, 'G')
([43, 54, 57, 59, 62, 0, 0, 0], 4.0, 'maj7')
([0, 0, 0, 0, 0, 0, 0, 0], 4.0, '|')
([0, 0, 0, 0, 0, 0, 0, 0], 4.0, '.')
([0, 0, 0, 0, 0, 0, 0, 0], 4.0, '4.0')
([48, 0, 0, 0, 0, 0, 0, 0], 4.0, 'C')
([48, 58, 62, 63, 0, 0, 0, 0], 4.0, 'm7')
([0, 0, 0, 0, 0, 0, 0, 0], 4.0, '|')
([0, 0, 0, 0, 0, 0, 0, 0], 4.0, '.')
([0, 0, 0, 0, 0, 0, 0, 0], 4.0, '4.0')
([53, 0, 0, 0, 0, 0, 0, 0], 4.0, 'F')
([53, 63, 69, 72, 0, 0, 0, 0], 4.0, 'dom7')
([0, 0, 0, 0, 0, 0, 0, 0], 4.0, '|')
([0, 0, 0, 0, 0, 0, 0, 0], 4.0, '.')
([0, 0, 0, 0, 0, 0, 0, 0], 4.0, '4.0')
([46, 0, 0, 0, 0, 0, 0, 0], 4.0, 'Bb')
([46, 57, 60, 62, 65, 0, 0, 0], 4.0, 'maj7')
([0, 0, 0, 0, 0, 0, 0, 0], 4.0, '|')
([0, 0, 0, 0, 0, 0, 0, 0], 4.0, '.')
([0, 0, 0, 0, 0, 0, 0, 0], 4.0, '4.0')
([46, 0, 0, 0, 0, 0, 0, 0], 4.0, 'Bb')
([46, 57, 60, 62, 0, 0, 0, 0], 4.0, 'maj7')
([0, 0, 0, 0, 0, 0, 0, 0], 4.0, 'b||')
([0, 0, 0, 0, 0, 0, 0, 0], 2.0, '.')
([0, 0, 0, 0, 0, 0, 0, 0], 2.0, '2.0')
([53, 0, 0, 0, 0, 0, 0, 0], 2.0, 'F')
([53, 60, 63, 68, 0, 0, 0, 0], 2.0, 'm7')
([0, 0, 0, 0, 0, 0, 0, 0], 2.0, '.')
([0, 0, 0, 0, 0, 0, 0, 0], 2.0, '2.0')
([46, 0, 0, 0, 0, 0, 0, 0], 2.0, 'Bb')
([46, 56, 60, 62, 0, 0, 0, 0], 2.0, 'dom7')
([46, 56, 60, 62, 0, 0, 0, 0], 2.0, 'add 9')
([0, 0, 0, 0, 0, 0, 0, 0], 2.0, '.')
([0, 0, 0, 0, 0, 0, 0, 0], 2.0, '2.0')
([51, 0, 0, 0, 0, 0, 0, 0], 2.0, 'Eb')
([51, 62, 67, 70, 0, 0, 0, 0], 2.0, 'maj7')
([51, 62, 67, 70, 65, 0, 0, 0], 2.0, 'add 9')
([0, 0, 0, 0, 0, 0, 0, 0], 2.0, '|')
([0, 0, 0, 0, 0, 0, 0, 0], 4.0, '.')
([0, 0, 0, 0, 0, 0, 0, 0], 4.0, '4.0')
([43, 0, 0, 0, 0, 0, 0, 0], 4.0, 'G')
([43, 50, 53, 58, 0, 0, 0, 0], 4.0, 'm7')
([0, 0, 0, 0, 0, 0, 0, 0], 4.0, '|')
([0, 0, 0, 0, 0, 0, 0, 0], 4.0, '.')
([0, 0, 0, 0, 0, 0, 0, 0], 4.0, '4.0')
([50, 0, 0, 0, 0, 0, 0, 0], 4.0, 'D')
([50, 60, 53, 69, 0, 0, 0, 0], 4.0, 'm7')
([0, 0, 0, 0, 0, 0, 0, 0], 4.0, '|')
([0, 0, 0, 0, 0, 0, 0, 0], 4.0, '.')
([0, 0, 0, 0, 0, 0, 0, 0], 4.0, '4.0')
([43, 0, 0, 0, 0, 0, 0, 0], 4.0, 'G')
([43, 53, 57, 58, 0, 0, 0, 0], 4.0, 'm7')
([0, 0, 0, 0, 0, 0, 0, 0], 4.0, '|')
([0, 0, 0, 0, 0, 0, 0, 0], 4.0, '.')
([0, 0, 0, 0, 0, 0, 0, 0], 4.0, '4.0')
([48, 0, 0, 0, 0, 0, 0, 0], 4.0, 'C')
([48, 58, 64, 67, 0, 0, 0, 0], 4.0, 'dom7')
([48, 58, 64, 67, 65, 0, 0, 0], 4.0, 'add 11')
([0, 0, 0, 0, 0, 0, 0, 0], 4.0, 'Form_A')
([0, 0, 0, 0, 0, 0, 0, 0], 4.0, '|')
([0, 0, 0, 0, 0, 0, 0, 0], 4.0, '.')
([0, 0, 0, 0, 0, 0, 0, 0], 4.0, '4.0')
([53, 0, 0, 0, 0, 0, 0, 0], 4.0, 'F')
([53, 64, 67, 69, 0, 0, 0, 0], 4.0, 'maj7')
([0, 0, 0, 0, 0, 0, 0, 0], 4.0, '|')
([0, 0, 0, 0, 0, 0, 0, 0], 4.0, '.')
([0, 0, 0, 0, 0, 0, 0, 0], 4.0, '4.0')
([50, 0, 0, 0, 0, 0, 0, 0], 4.0, 'D')
