([0, 0, 0, 0, 0, 0, 0, 0], 0.0, '<style>')
([0, 0, 0, 0, 0, 0, 0, 0], 0.0, 'Jazz')
([0, 0, 0, 0, 0, 0, 0, 0], 0.0, 'Tonality')
([0, 0, 0, 0, 0, 0, 0, 0], 0.0, 'F minor')
([0, 0, 0, 0, 0, 0, 0, 0], 0.0, '<start>')
([0, 0, 0, 0, 0, 0, 0, 0], 0.0, '|')
([0, 0, 0, 0, 0, 0, 0, 0], 4.0, '.')
([0, 0, 0, 0, 0, 0, 0, 0], 4.0, '4.0')
([53, 0, 0, 0, 0, 0, 0, 0], 4.0, 'F')
([53, 63, 68, 72, 0, 0, 0, 0], 4.0, 'm7')
([0, 0, 0, 0, 0, 0, 0, 0], 4.0, '.')
([0, 0, 0, 0, 0, 0, 0, 0], 4.0, '4.0')
([46, 0, 0, 0, 0, 0, 0, 0], 4.0, 'Bb')
([46, 56, 62, 65, 0, 0, 0, 0], 4.0, 'dom7')
([46, 56, 62, 65, 60, 0, 0, 0], 4.0, 'add 9')
([0, 0, 0, 0, 0, 0, 0, 0], 4.0, '.')
([0, 0, 0, 0, 0, 0, 0, 0], 4.0, '4.0')
([51, 0, 0, 0, 0, 0, 0, 0], 4.0, 'Eb')
([51, 62, 65, 67, 70, 0, 0, 0], 4.0, 'maj7')
([51, 62, 65, 67, 70, 0, 0, 0], 4.0, 'add 9')
([0, 0, 0, 0, 0, 0, 0, 27], 4.0, '/')
([46, 63, 62, 65, 67, 70, 0, 0], 4.0, 'Bb')
([0, 0, 0, 0, 0, 0, 0, 0], 4.0, '|')
([0, 0, 0, 0, 0, 0, 0, 0], 4.0, '.')
([0, 0, 0, 0, 0, 0, 0, 0], 4.0, '4.0')
([44, 0, 0, 0, 0, 0, 0, 0], 4.0, 'Ab')
([44, 54, 58, 60, 0, 0, 0, 0], 4.0, 'dom7')
([44, 54, 58, 60, 0, 0, 0, 0], 4.0, 'add 9')
([44, 54, 58, 60, 62, 0, 0, 0], 4.0, 'add #11')
([0, 0, 0, 0, 0, 0, 0, 0], 4.0, '|')
([0, 0, 0, 0, 0, 0, 0, 0], 4.0, '.')
([0, 0, 0, 0, 0, 0, 0, 0], 4.0, '4.0')
([43, 0, 0, 0, 0, 0, 0, 0], 4.0, 'G')
([43, 53, 58, 62, 0, 0, 0, 0], 4.0, 'm7')
([0, 0, 0, 0, 0, 0, 0, 0], 4.0, '|')
([0, 0, 0, 0, 0, 0, 0, 0], 4.0, '.')
([0, 0, 0, 0, 0, 0, 0, 0], 4.0, '4.0')
([48, 0, 0, 0, 0, 0, 0, 0], 4.0, 'C')
([48, 58, 62, 64, 0, 0, 0, 0], 4.0, 'dom7')
([0, 0, 0, 0, 0, 0, 0, 0], 4.0, '|')
([0, 0, 0, 0, 0, 0, 0, 0], 4.0, '.')
([0, 0, 0, 0, 0, 0, 0, 0], 4.0, '4.0')
([47, 0, 0, 0, 0, 0, 0, 0], 4.0, 'B')
([47, 58, 63, 66, 0, 0, 0, 0], 4.0, 'maj7')
([0, 0, 0, 0, 0, 0, 0, 0], 4.0, '|')
([0, 0, 0, 0, 0, 0, 0, 0], 4.0, '.')
([0, 0, 0, 0, 0, 0, 0, 0], 4.0, '4.0')
([46, 0, 0, 0, 0, 0, 0, 0], 4.0, 'Bb')
([46, 56, 60, 62, 65, 0, 0, 0], 4.0, 'dom7')
([46, 56, 60, 62, 65, 0, 0, 0], 4.0, 'add 9')
([0, 0, 0, 0, 0, 0, 0, 0], 4.0, '|')
([0, 0, 0, 0, 0, 0, 0, 0], 2.0, '.')
([0, 0, 0, 0, 0, 0, 0, 0], 2.0, '2.0')
([54, 0, 0, 0, 0, 0, 0, 0], 2.0, 'F#')
([54, 65, 68, 70, 73, 0, 0, 0], 2.0, 'maj7')
([0, 0, 0, 0, 0, 0, 0, 0], 2.0, '.')
([0, 0, 0, 0, 0, 0, 0, 0], 2.0, '2.0')
([44, 0, 0, 0, 0, 0, 0, 0], 2.0, 'Ab')
([44, 54, 60, 63, 0, 0, 0, 0], 2.0, 'dom7')
([44, 54, 60, 63, 58, 0, 0, 0], 2.0, 'add 9')
([0, 0, 0, 0, 0, 0, 0, 0], 2.0, '|')
([0, 0, 0, 0, 0, 0, 0, 0], 4.0, '.')
([0, 0, 0, 0, 0, 0, 0, 0], 4.0, '4.0')
([49, 0, 0, 0, 0, 0, 0, 0], 4.0, 'C#')
([49, 60, 65, 68, 0, 0, 0, 0], 4.0, 'maj7')
([0, 0, 0, 0, 0, 0, 0, 0], 4.0, '|')
([0, 0, 0, 0, 0, 0, 0, 0], 4.0, '.')
([0, 0, 0, 0, 0, 0, 0, 0], 4.0, '4.0')
([49, 0, 0, 0, 0, 0, 0, 0], 4.0, 'C#')
([49, 60, 63, 65, 68, 0, 0, 0], 4.0, 'maj7')
([0, 0, 0, 0, 0, 0, 0, 0], 4.0, '|')
([0, 0, 0, 0, 0, 0, 0, 0], 4.0, '.')
([0, 0, 0, 0, 0, 0, 0, 0], 4.0, '4.0')
([43, 0, 0, 0, 0, 0, 0, 0], 4.0, 'G')
([43, 53, 57, 58, 0, 0, 0, 0], 4.0, 'm7')
([43, 53, 57, 58, 49, 0, 0, 0], 4.0, 'alter b5')
([0, 0, 0, 0, 0, 0, 0, 0], 4.0, '|')
([0, 0, 0, 0, 0, 0, 0, 0], 4.0, '.')
([0, 0, 0, 0, 0, 0, 0, 0], 4.0, '4.0')
([48, 0, 0, 0, 0, 0, 0, 0], 4.0, 'C')
([48, 58, 62, 64, 0, 0, 0, 0], 4.0, 'dom7')
([48, 58, 64, 61, 0, 0, 0, 0], 4.0, 'add b9')
([0, 0, 0, 0, 0, 0, 0, 0], 4.0, '|')
([0, 0, 0, 0, 0, 0, 0, 0], 2.0, '.')
([0, 0, 0, 0, 0, 0, 0, 0], 2.0, '2.0')
([54, 0, 0, 0, 0, 0, 0, 0], 2.0, 'F#')
([54, 65, 68, 70, 0, 0, 0, 0], 2.0, 'maj7')
([0, 0, 0, 0, 0, 0, 0, 0], 2.0, '.')
([0, 0, 0, 0, 0, 0, 0, 0], 2.0, '2.0')
([43, 0, 0, 0, 0, 0, 0, 0], 2.0, 'G')
([43, 53, 58, 62, 0, 0, 0, 0], 2.0, 'm7')
([0, 0, 0, 0, 0, 0, 0, 0], 2.0, '|')
([0, 0, 0, 0, 0, 0, 0, 0], 2.0, '.')
([0, 0, 0, 0, 0, 0, 0, 0], 2.0, '2.0')
([48, 0, 0, 0, 0, 0, 0, 0], 2.0, 'C')
([48, 58, 62, 64, 0, 0, 0, 0], 2.0, 'dom7')
([0, 0, 0, 0, 0, 0, 0, 0], 2.0, '.')
([0, 0, 0, 0, 0, 0, 0, 0], 2.0, '2.0')
([49, 0, 0, 0, 0, 0, 0, 0], 2.0, 'C#')
([49, 60, 63, 65, 68, 0, 0, 0], 2.0, 'maj7')
([0, 0, 0, 0, 0, 0, 0, 0], 2.0, '|')
([0, 0, 0, 0, 0, 0, 0, 0], 4.0, '.')
([0, 0, 0, 0, 0, 0, 0, 0], 4.0, '4.0')
([54, 0, 0, 0, 0, 0, 0, 0], 4.0, 'F#')
([54, 65, 68, 70, 0, 0, 0, 0], 4.0, 'maj7')
([0, 0, 0, 0, 0, 0, 0, 0], 4.0, 'Form_B')
([0, 0, 0, 0, 0, 0, 0, 0], 4.0, '|')
([0, 0, 0, 0, 0, 0, 0, 0], 4.0, '.')
([0, 0, 0, 0, 0, 0, 0, 0], 4.0, '4.0')
([53, 0, 0, 0, 0, 0, 0, 0], 4.0, 'F')
([53, 63, 67, 68, 0, 0, 0, 0], 4.0, 'm7')
([0, 0, 0, 0, 0, 0, 0, 0], 4.0, '|')
([0, 0, 0, 0, 0, 0, 0, 0], 2.0, '.')
([0, 0, 0, 0, 0, 0, 0, 0], 2.0, '2.0')
([52, 0, 0, 0, 0, 0, 0, 0], 2.0, 'E')
([52, 59, 62, 67, 0, 0, 0, 0], 2.0, 'm7')
([52, 58, 62, 67, 0, 0, 0, 0], 2.0, 'alter b5')
([52, 59, 62, 67, 65, 0, 0, 0], 2.0, 'add b9')
([0, 0, 0, 0, 0, 0, 0, 0], 2.0, '.')
([0, 0, 0, 0, 0, 0, 0, 0], 2.0, '2.0')
([45, 0, 0, 0, 0, 0, 0, 0], 2.0, 'A')
([45, 55, 61, 64, 0, 0, 0, 0], 2.0, 'dom7')
([45, 55, 61, 63, 0, 0, 0, 0], 2.0, 'alter b5')
([45, 55, 61, 64, 58, 0, 0, 0], 2.0, 'add b9')
([0, 0, 0, 0, 0, 0, 0, 0], 2.0, '|')
([0, 0, 0, 0, 0, 0, 0, 0], 4.0, '.')
([0, 0, 0, 0, 0, 0, 0, 0], 4.0, '4.0')
([50, 0, 0, 0, 0, 0, 0, 0], 4.0, 'D')
([50, 60, 64, 65, 0, 0, 0, 0], 4.0, 'm7')
([0, 0, 0, 0, 0, 0, 0, 0], 4.0, '|')
([0, 0, 0, 0, 0, 0, 0, 0], 2.0, '.')
([0, 0, 0, 0, 0, 0, 0, 0], 2.0, '2.0')
([54, 0, 0, 0, 0, 0, 0, 0], 2.0, 'F#')
([54, 61, 64, 69, 0, 0, 0, 0], 2.0, 'm7')
([54, 60, 64, 69, 0, 0, 0, 0], 2.0, 'alter b5')
([54, 61, 64, 69, 67, 0, 0, 0], 2.0, 'add b9')
([0, 0, 0, 0, 0, 0, 0, 0], 2.0, '.')
([0, 0, 0, 0, 0, 0, 0, 0], 2.0, '2.0')
([47, 0, 0, 0, 0, 0, 0, 0], 2.0, 'B')
([47, 57, 63, 66, 0, 0, 0, 0], 2.0, 'dom7')
([47, 57, 63, 65, 0, 0, 0, 0], 2.0, 'alter b5')
([47, 57, 63, 66, 60, 0, 0, 0], 2.0, 'add b9')
([0, 0, 0, 0, 0, 0, 0, 0], 2.0, '|')
([0, 0, 0, 0, 0, 0, 0, 0], 4.0, '.')
([0, 0, 0, 0, 0, 0, 0, 0], 4.0, '4.0')
([45, 0, 0, 0, 0, 0, 0, 0], 4.0, 'A')
([45, 55, 59, 60, 0, 0, 0, 0], 4.0, 'm7')
([0, 0, 0, 0, 0, 0, 0, 0], 4.0, '|')
([0, 0, 0, 0, 0, 0, 0, 0], 4.0, '.')
([0, 0, 0, 0, 0, 0, 0, 0], 4.0, '4.0')
([46, 0, 0, 0, 0, 0, 0, 0], 4.0, 'Bb')
([46, 56, 62, 65, 0, 0, 0, 0], 4.0, 'dom7')
([46, 56, 62, 65, 60, 0, 0, 0], 4.0, 'add 9')
([0, 0, 0, 0, 0, 0, 0, 0], 4.0, '|')
([0, 0, 0, 0, 0, 0, 0, 0], 4.0, '.')
([0, 0, 0, 0, 0, 0, 0, 0], 4.0, '4.0')
([45, 0, 0, 0, 0, 0, 0, 0], 4.0, 'A')
([45, 52, 55, 60, 0, 0, 0, 0], 4.0, 'm7')
([45, 51, 55, 60, 0, 0, 0, 0], 4.0, 'alter b5')
([0, 0, 0, 0, 0, 0, 0, 0], 4.0, '|')
([0, 0, 0, 0, 0, 0, 0, 0], 4.0, '.')
([0, 0, 0, 0, 0, 0, 0, 0], 4.0, '4.0')
([44, 0, 0, 0, 0, 0, 0, 0], 4.0, 'G#')
([44, 53, 60, 63, 0, 0, 0, 0], 4.0, 'm6')
([0, 0, 0, 0, 0, 0, 0, 0], 4.0, '|')
([0, 0, 0, 0, 0, 0, 0, 0], 4.0, '.')
([0, 0, 0, 0, 0, 0, 0, 0], 4.0, '4.0')
([43, 0, 0, 0, 0, 0, 0, 0], 4.0, 'G')
([43, 53, 58, 62, 0, 0, 0, 0], 4.0, 'm7')
([43, 53, 58, 61, 0, 0, 0, 0], 4.0, 'alter b5')
([0, 0, 0, 0, 0, 0, 0, 0], 4.0, '|')
([0, 0, 0, 0, 0, 0, 0, 0], 4.0, '.')
([0, 0, 0, 0, 0, 0, 0, 0], 4.0, '4.0')
([48, 0, 0, 0, 0, 0, 0, 0], 4.0, 'C')
([48, 58, 62, 64, 67, 0, 0, 0], 4.0, 'dom7')
([48, 58, 64, 67, 61, 0, 0, 0], 4.0, 'add b9')
([0, 0, 0, 0, 0, 0, 0, 0], 4.0, '|')
([0, 0, 0, 0, 0, 0, 0, 0], 4.0, '.')
([0, 0, 0, 0, 0, 0, 0, 0], 4.0, '4.0')
([53, 0, 0, 0, 0, 0, 0, 0], 4.0, 'F')
([53, 63, 68, 72, 0, 0, 0, 0], 4.0, 'm7')
([0, 0, 0, 0, 0, 0, 0, 0], 4.0, '|')
([0, 0, 0, 0, 0, 0, 0, 0], 2.0, '.')
([0, 0, 0, 0, 0, 0, 0, 0], 2.0, '2.0')
([48, 0, 0, 0, 0, 0, 0, 0], 2.0, 'C')
([48, 58, 62, 63, 0, 0, 0, 0], 2.0, 'm7')
([0, 0, 0, 0, 0, 0, 0, 0], 2.0, '.')
([0, 0, 0, 0, 0, 0, 0, 0], 2.0, '2.0')
([53, 0, 0, 0, 0, 0, 0, 0], 2.0, 'F')
([53, 63, 67, 69, 72, 0, 0, 0], 2.0, 'dom7')
([0, 0, 0, 0, 0, 0, 0, 0], 2.0, '|')
([0, 0, 0, 0, 0, 0, 0, 0], 2.0, '.')
([0, 0, 0, 0, 0, 0, 0, 0], 2.0, '2.0')
([46, 0, 0, 0, 0, 0, 0, 0], 2.0, 'Bb')
([46, 56, 60, 61, 0, 0, 0, 0], 2.0, 'm7')
([0, 0, 0, 0, 0, 0, 0, 0], 2.0, '.')
([0, 0, 0, 0, 0, 0, 0, 0], 2.0, '2.0')
([51, 0, 0, 0, 0, 0, 0, 0], 2.0, 'Eb')
([51, 61, 65, 67, 70, 0, 0, 0], 2.0, 'dom7')
([0, 0, 0, 0, 0, 0, 0, 0], 2.0, '|')
([0, 0, 0, 0, 0, 0, 0, 0], 2.0, '.')
([0, 0, 0, 0, 0, 0, 0, 0], 2.0, '2.0')
([51, 0, 0, 0, 0, 0, 0, 0], 2.0, 'Eb')
([51, 61, 65, 66, 0, 0, 0, 0], 2.0, 'm7')
([0, 0, 0, 0, 0, 0, 0, 0], 2.0, '.')
([0, 0, 0, 0, 0, 0, 0, 0], 2.0, '2.0')
([44, 0, 0, 0, 0, 0, 0, 0], 2.0, 'Ab')
([44, 54, 58, 60, 63, 0, 0, 0], 2.0, 'dom7')
([44, 54, 58, 60, 63, 0, 0, 0], 2.0, 'add 9')
([0, 0, 0, 0, 0, 0, 0, 0], 2.0, '|')
([0, 0, 0, 0, 0, 0, 0, 0], 4.0, '.')
([0, 0, 0, 0, 0, 0, 0, 0], 4.0, '4.0')
([49, 0, 0, 0, 0, 0, 0, 0], 4.0, 'C#')
([49, 60, 63, 65, 68, 0, 0, 0], 4.0, 'maj7')
([0, 0, 0, 0, 0, 0, 0, 0], 4.0, '|')
([0, 0, 0, 0, 0, 0, 0, 0], 4.0, '.')
([0, 0, 0, 0, 0, 0, 0, 0], 4.0, '4.0')
([49, 0, 0, 0, 0, 0, 0, 0], 4.0, 'C#')
([49, 60, 63, 65, 0, 0, 0, 0], 4.0, 'maj7')
([0, 0, 0, 0, 0, 0, 0, 0], 4.0, '|')
