([0, 0, 0, 0, 0, 0, 0, 0], 0.0, '<style>')
([0, 0, 0, 0, 0, 0, 0, 0], 0.0, 'Blues')
([0, 0, 0, 0, 0, 0, 0, 0], 0.0, 'Tonality')
([0, 0, 0, 0, 0, 0, 0, 0], 0.0, 'Eb minor')
([0, 0, 0, 0, 0, 0, 0, 0], 0.0, '<start>')
([0, 0, 0, 0, 0, 0, 0, 0], 0.0, '|')
([0, 0, 0, 0, 0, 0, 0, 0], 4.0, '.')
([0, 0, 0, 0, 0, 0, 0, 0], 4.0, '4.0')
([53, 0, 0, 0, 0, 0, 0, 0], 4.0, 'F')
([53, 63, 68, 72, 0, 0, 0, 0], 4.0, 'm7')
([0, 0, 0, 0, 0, 0, 0, 0], 4.0, '.')
([0, 0, 0, 0, 0, 0, 0, 0], 4.0, '4.0')
([46, 0, 0, 0, 0, 0, 0, 0], 4.0, 'Bb')
([46, 56, 62, 65, 0, 0, 0, 0], 4.0, 'dom7')
([0, 0, 0, 0, 0, 0, 0, 0], 4.0, '.')
([0, 0, 0, 0, 0, 0, 0, 0], 4.0, '4.0')
([51, 0, 0, 0, 0, 0, 0, 0], 4.0, 'Eb')
([51, 61, 65, 66, 0, 0, 0, 0], 4.0, 'm7')
([0, 0, 0, 0, 0, 0, 0, 0], 4.0, '|')
([0, 0, 0, 0, 0, 0, 0, 0], 2.0, '.')
([0, 0, 0, 0, 0, 0, 0, 0], 2.0, '2.0')
([44, 0, 0, 0, 0, 0, 0, 0], 2.0, 'Ab')
([44, 51, 54, 59, 0, 0, 0, 0], 2.0, 'm7')
([0, 0, 0, 0, 0, 0, 0, 0], 2.0, '.')
([0, 0, 0, 0, 0, 0, 0, 0], 2.0, '2.0')
([49, 0, 0, 0, 0, 0, 0, 0], 2.0, 'Db')
([49, 59, 63, 65, 0, 0, 0, 0], 2.0, 'dom7')
([0, 0, 0, 0, 0, 0, 0, 0], 2.0, '|')
([0, 0, 0, 0, 0, 0, 0, 0], 4.0, '.')
([0, 0, 0, 0, 0, 0, 0, 0], 4.0, '4.0')
([42, 0, 0, 0, 0, 0, 0, 0], 4.0, 'Gb')
([42, 52, 58, 61, 0, 0, 0, 0], 4.0, 'dom7')
([0, 0, 0, 0, 0, 0, 0, 0], 4.0, '|')
([0, 0, 0, 0, 0, 0, 0, 0], 4.0, '.')
([0, 0, 0, 0, 0, 0, 0, 0], 4.0, '4.0')
([47, 0, 0, 0, 0, 0, 0, 0], 4.0, 'Cb')
([47, 57, 61, 63, 66, 0, 0, 0], 4.0, 'dom7')
([0, 0, 0, 0, 0, 0, 0, 0], 4.0, '|')
([0, 0, 0, 0, 0, 0, 0, 0], 4.0, '.')
([0, 0, 0, 0, 0, 0, 0, 0], 4.0, '4.0')
([46, 0, 0, 0, 0, 0, 0, 0], 4.0, 'Bb')
([46, 56, 60, 62, 0, 0, 0, 0], 4.0, 'dom7')
([0, 0, 0, 0, 0, 0, 0, 0], 4.0, '|')
([0, 0, 0, 0, 0, 0, 0, 0], 4.0, '.')
([0, 0, 0, 0, 0, 0, 0, 0], 4.0, '4.0')
([51, 0, 0, 0, 0, 0, 0, 0], 4.0, 'Eb')
([51, 61, 67, 70, 0, 0, 0, 0], 4.0, 'dom7')
([0, 0, 0, 0, 0, 0, 0, 0], 4.0, '|')
([0, 0, 0, 0, 0, 0, 0, 0], 2.0, '.')
([0, 0, 0, 0, 0, 0, 0, 0], 2.0, '2.0')
([47, 0, 0, 0, 0, 0, 0, 0], 2.0, 'B')
([47, 57, 62, 66, 0, 0, 0, 0], 2.0, 'm7')
([0, 0, 0, 0, 0, 0, 0, 0], 2.0, '.')
([0, 0, 0, 0, 0, 0, 0, 0], 2.0, '2.0')
([46, 0, 0, 0, 0, 0, 0, 0], 2.0, 'Bb')
([46, 56, 62, 65, 0, 0, 0, 0], 2.0, 'dom7')
([0, 0, 0, 0, 0, 0, 0, 0], 2.0, '|')
([0, 0, 0, 0, 0, 0, 0, 0], 2.0, '.')
([0, 0, 0, 0, 0, 0, 0, 0], 2.0, '2.0')
([51, 0, 0, 0, 0, 0, 0, 0], 2.0, 'Eb')
([51, 61, 66, 70, 0, 0, 0, 0], 2.0, 'm7')
([0, 0, 0, 0, 0, 0, 0, 0], 2.0, '.')
([0, 0, 0, 0, 0, 0, 0, 0], 2.0, '2.0')
([44, 0, 0, 0, 0, 0, 0, 0], 2.0, 'Ab')
([44, 54, 60, 63, 0, 0, 0, 0], 2.0, 'dom7')
([0, 0, 0, 0, 0, 0, 0, 0], 2.0, '|')
([0, 0, 0, 0, 0, 0, 0, 0], 4.0, '.')
([0, 0, 0, 0, 0, 0, 0, 0], 4.0, '4.0')
([49, 0, 0, 0, 0, 0, 0, 0], 4.0, 'Db')
([49, 59, 64, 68, 0, 0, 0, 0], 4.0, 'm7')
([0, 0, 0, 0, 0, 0, 0, 0], 4.0, '|')
([0, 0, 0, 0, 0, 0, 0, 0], 4.0, '.')
([0, 0, 0, 0, 0, 0, 0, 0], 4.0, '4.0')
([42, 0, 0, 0, 0, 0, 0, 0], 4.0, 'Gb')
([42, 52, 56, 58, 0, 0, 0, 0], 4.0, 'dom7')
([0, 0, 0, 0, 0, 0, 0, 0], 4.0, '|')
([0, 0, 0, 0, 0, 0, 0, 0], 4.0, '.')
([0, 0, 0, 0, 0, 0, 0, 0], 4.0, '4.0')
([47, 0, 0, 0, 0, 0, 0, 0], 4.0, 'Cb')
([47, 57, 63, 66, 0, 0, 0, 0], 4.0, 'dom7')
([0, 0, 0, 0, 0, 0, 0, 0], 4.0, '|')
([0, 0, 0, 0, 0, 0, 0, 0], 4.0, '.')
([0, 0, 0, 0, 0, 0, 0, 0], 4.0, '4.0')
([46, 0, 0, 0, 0, 0, 0, 0], 4.0, 'Bb')
([46, 56, 60, 62, 65, 0, 0, 0], 4.0, 'dom7')
([0, 0, 0, 0, 0, 0, 0, 0], 4.0, '|')
([0, 0, 0, 0, 0, 0, 0, 0], 4.0, '.')
([0, 0, 0, 0, 0, 0, 0, 0], 4.0, '4.0')
([51, 0, 0, 0, 0, 0, 0, 0], 4.0, 'Eb')
([51, 61, 65, 67, 0, 0, 0, 0], 4.0, 'dom7')
([0, 0, 0, 0, 0, 0, 0, 0], 4.0, '|')
([0, 0, 0, 0, 0, 0, 0, 0], 2.0, '.')
([0, 0, 0, 0, 0, 0, 0, 0], 2.0, '2.0')
([47, 0, 0, 0, 0, 0, 0, 0], 2.0, 'B')
([47, 54, 57, 62, 0, 0, 0, 0], 2.0, 'm7')
([0, 0, 0, 0, 0, 0, 0, 0], 2.0, '.')
([0, 0, 0, 0, 0, 0, 0, 0], 2.0, '2.0')
([46, 0, 0, 0, 0, 0, 0, 0], 2.0, 'Bb')
([46, 56, 60, 62, 0, 0, 0, 0], 2.0, 'dom7')
([0, 0, 0, 0, 0, 0, 0, 0], 2.0, '|')
([0, 0, 0, 0, 0, 0, 0, 0], 2.0, '.')
([0, 0, 0, 0, 0, 0, 0, 0], 2.0, '2.0')
([51, 0, 0, 0, 0, 0, 0, 0], 2.0, 'Eb')
([51, 58, 61, 66, 0, 0, 0, 0], 2.0, 'm7')
([0, 0, 0, 0, 0, 0, 0, 0], 2.0, '.')
([0, 0, 0, 0, 0, 0, 0, 0], 2.0, '2.0')
([44, 0, 0, 0, 0, 0, 0, 0], 2.0, 'Ab')
([44, 54, 58, 60, 0, 0, 0, 0], 2.0, 'dom7')
([0, 0, 0, 0, 0, 0, 0, 0], 2.0, '|')
([0, 0, 0, 0, 0, 0, 0, 0], 4.0, '.')
([0, 0, 0, 0, 0, 0, 0, 0], 4.0, '4.0')
([49, 0, 0, 0, 0, 0, 0, 0], 4.0, 'Db')
([49, 56, 59, 64, 0, 0, 0, 0], 4.0, 'm7')
([0, 0, 0, 0, 0, 0, 0, 0], 4.0, '|')
([0, 0, 0, 0, 0, 0, 0, 0], 4.0, '.')
([0, 0, 0, 0, 0, 0, 0, 0], 4.0, '4.0')
([42, 0, 0, 0, 0, 0, 0, 0], 4.0, 'Gb')
([42, 52, 56, 58, 61, 0, 0, 0], 4.0, 'dom7')
([0, 0, 0, 0, 0, 0, 0, 0], 4.0, '|')
([0, 0, 0, 0, 0, 0, 0, 0], 4.0, '.')
([0, 0, 0, 0, 0, 0, 0, 0], 4.0, '4.0')
([47, 0, 0, 0, 0, 0, 0, 0], 4.0, 'Cb')
([47, 57, 61, 63, 0, 0, 0, 0], 4.0, 'dom7')
([0, 0, 0, 0, 0, 0, 0, 0], 4.0, '|')
([0, 0, 0, 0, 0, 0, 0, 0], 4.0, '.')
([0, 0, 0, 0, 0, 0, 0, 0], 4.0, '4.0')
([46, 0, 0, 0, 0, 0, 0, 0], 4.0, 'Bb')
([46, 56, 62, 65, 0, 0, 0, 0], 4.0, 'dom7')
([0, 0, 0, 0, 0, 0, 0, 0], 4.0, '|')
([0, 0, 0, 0, 0, 0, 0, 0], 4.0, '.')
([0, 0, 0, 0, 0, 0, 0, 0], 4.0, '4.0')
([51, 0, 0, 0, 0, 0, 0, 0], 4.0, 'Eb')
([51, 61, 65, 67, 70, 0, 0, 0], 4.0, 'dom7')
([0, 0, 0, 0, 0, 0, 0, 0], 4.0, '|')
([0, 0, 0, 0, 0, 0, 0, 0], 2.0, '.')
([0, 0, 0, 0, 0, 0, 0, 0], 2.0, '2.0')
([47, 0, 0, 0, 0, 0, 0, 0], 2.0, 'B')
([47, 57, 61, 62, 0, 0, 0, 0], 2.0, 'm7')
([0, 0, 0, 0, 0, 0, 0, 0], 2.0, '.')
([0, 0, 0, 0, 0, 0, 0, 0], 2.0, '2.0')
([46, 0, 0, 0, 0, 0, 0, 0], 2.0, 'Bb')
([46, 56, 60, 62, 65, 0, 0, 0], 2.0, 'dom7')
([0, 0, 0, 0, 0, 0, 0, 0], 2.0, '|')
([0, 0, 0, 0, 0, 0, 0, 0], 2.0, '.')
([0, 0, 0, 0, 0, 0, 0, 0], 2.0, '2.0')
([51, 0, 0, 0, 0, 0, 0, 0], 2.0, 'Eb')
([51, 61, 65, 66, 0, 0, 0, 0], 2.0, 'm7')
([0, 0, 0, 0, 0, 0, 0, 0], 2.0, '.')
([0, 0, 0, 0, 0, 0, 0, 0], 2.0, '2.0')
([44, 0, 0, 0, 0, 0, 0, 0], 2.0, 'Ab')
([44, 54, 58, 60, 63, 0, 0, 0], 2.0, 'dom7')
([0, 0, 0, 0, 0, 0, 0, 0], 2.0, '|')
([0, 0, 0, 0, 0, 0, 0, 0], 4.0, '.')
([0, 0, 0, 0, 0, 0, 0, 0], 4.0, '4.0')
([49, 0, 0, 0, 0, 0, 0, 0], 4.0, 'Db')
([49, 59, 63, 64, 0, 0, 0, 0], 4.0, 'm7')
([0, 0, 0, 0, 0, 0, 0, 0], 4.0, '|')
([0, 0, 0, 0, 0, 0, 0, 0], 4.0, '.')
([0, 0, 0, 0, 0, 0, 0, 0], 4.0, '4.0')
([42, 0, 0, 0, 0, 0, 0, 0], 4.0, 'Gb')
([42, 52, 58, 61, 0, 0, 0, 0], 4.0, 'dom7')
([0, 0, 0, 0, 0, 0, 0, 0], 4.0, '|')
([0, 0, 0, 0, 0, 0, 0, 0], 4.0, '.')
([0, 0, 0, 0, 0, 0, 0, 0], 4.0, '4.0')
([47, 0, 0, 0, 0, 0, 0, 0], 4.0, 'Cb')
([47, 57, 61, 63, 66, 0, 0, 0], 4.0, 'dom7')
([0, 0, 0, 0, 0, 0, 0, 0], 4.0, '|')
([0, 0, 0, 0, 0, 0, 0, 0], 4.0, '.')
([0, 0, 0, 0, 0, 0, 0, 0], 4.0, '4.0')
([46, 0, 0, 0, 0, 0, 0, 0], 4.0, 'Bb')
([46, 56, 60, 62, 0, 0, 0, 0], 4.0, 'dom7')
([0, 0, 0, 0, 0, 0, 0, 0], 4.0, '|')
([0, 0, 0, 0, 0, 0, 0, 0], 4.0, '.')
([0, 0, 0, 0, 0, 0, 0, 0], 4.0, '4.0')
([51, 0, 0, 0, 0, 0, 0, 0], 4.0, 'Eb')
([51, 61, 67, 70, 0, 0, 0, 0], 4.0, 'dom7')
([0, 0, 0, 0, 0, 0, 0, 0], 4.0, '|')
([0, 0, 0, 0, 0, 0, 0, 0], 2.0, '.')
([0, 0, 0, 0, 0, 0, 0, 0], 2.0, '2.0')
([47, 0, 0, 0, 0, 0, 0, 0], 2.0, 'B')
([47, 57, 62, 66, 0, 0, 0, 0], 2.0, 'm7')
([0, 0, 0, 0, 0, 0, 0, 0], 2.0, '.')
([0, 0, 0, 0, 0, 0, 0, 0], 2.0, '2.0')
([46, 0, 0, 0, 0, 0, 0, 0], 2.0, 'Bb')
([46, 56, 62, 65, 0, 0, 0, 0], 2.0, 'dom7')
([0, 0, 0, 0, 0, 0, 0, 0], 2.0, '|')
([0, 0, 0, 0, 0, 0, 0, 0], 2.0, '.')
([0, 0, 0, 0, 0, 0, 0, 0], 2.0, '2.0')
([51, 0, 0, 0, 0, 0, 0, 0], 2.0, 'Eb')
([51, 61, 66, 70, 0, 0, 0, 0], 2.0, 'm7')
([0, 0, 0, 0, 0, 0, 0, 0], 2.0, '.')
([0, 0, 0, 0, 0, 0, 0, 0], 2.0, '2.0')
([44, 0, 0, 0, 0, 0, 0, 0], 2.0, 'Ab')
([44, 54, 60, 63, 0, 0, 0, 0], 2.0, 'dom7')
([0, 0, 0, 0, 0, 0, 0, 0], 2.0, '|')
([0, 0, 0, 0, 0, 0, 0, 0], 4.0, '.')
([0, 0, 0, 0, 0, 0, 0, 0], 4.0, '4.0')
([49, 0, 0, 0, 0, 0, 0, 0], 4.0, 'Db')
([49, 59, 64, 68, 0, 0, 0, 0], 4.0, 'm7')
([0, 0, 0, 0, 0, 0, 0, 0], 4.0, '|')
([0, 0, 0, 0, 0, 0, 0, 0], 4.0, '.')
([0, 0, 0, 0, 0, 0, 0, 0], 4.0, '4.0')
([42, 0, 0, 0, 0, 0, 0, 0], 4.0, 'Gb')
([42, 52, 56, 58, 0, 0, 0, 0], 4.0, 'dom7')
([0, 0, 0, 0, 0, 0, 0, 0], 4.0, '|')
([0, 0, 0, 0, 0, 0, 0, 0], 4.0, '.')
([0, 0, 0, 0, 0, 0, 0, 0], 4.0, '4.0')
([47, 0, 0, 0, 0, 0, 0, 0], 4.0, 'Cb')
([47, 57, 63, 66, 0, 0, 0, 0], 4.0, 'dom7')
([0, 0, 0, 0, 0, 0, 0, 0], 4.0, '|')
([0, 0, 0, 0, 0, 0, 0, 0], 4.0, '.')
([0, 0, 0, 0, 0, 0, 0, 0], 4.0, '4.0')
([46, 0, 0, 0, 0, 0, 0, 0], 4.0, 'Bb')
([46, 56, 60, 62, 65, 0, 0, 0], 4.0, 'dom7')
([0, 0, 0, 0, 0, 0, 0, 0], 4.0, '|')
([0, 0, 0, 0, 0, 0, 0, 0], 4.0, '.')
([0, 0, 0, 0, 0, 0, 0, 0], 4.0, '4.0')
([51, 0, 0, 0, 0, 0, 0, 0], 4.0, 'Eb')
